#DEBUT TROLLS
114;-11;-31;0
305;-2;-32;0
315;19;-25;-8
365;-15;-59;0
1252;18;-22;-7
98673;23;-30;0
1491;17;-33;0
2055;12;-9;-9
2081;11;-40;0
2177;-1;-5;-1
2296;21;-7;-11
2310;25;-59;0
2406;-20;-7;0
2805;0;-29;0
2999;-27;-32;0
3592;1;-32;0
4299;-6;-38;0
4478;-25;-26;0
4591;22;-33;0
5192;25;-15;0
5782;10;-49;0
6110;18;-22;-7
6154;-21;-7;0
6309;-6;-27;0
6797;17;-57;-3
7332;-10;-20;-14
7422;-11;-52;0
7866;-3;-9;0
8292;-28;-29;-7
8474;21;-34;0
8493;9;-18;0
98944;-2;-37;0
8800;-11;-9;0
9326;-21;-9;-10
9390;-4;-28;0
9516;-17;-40;0
9549;4;-27;0
9651;-25;-15;0
9911;-19;-56;0
10133;4;-29;0
10365;-7;-49;0
10658;23;-47;0
10890;-26;-26;0
10929;-1;-40;0
11289;-1;-10;-3
11532;8;-55;0
11563;4;-26;0
11864;-7;-11;0
97324;-16;-33;-1
13230;23;-23;-3
13318;0;-29;0
13584;15;-23;0
13719;-12;-56;0
14163;23;-58;-1
14280;-8;-22;0
14502;10;-32;0
14790;5;-22;-5
15174;-10;-20;-14
15513;9;-48;0
15762;-11;-59;0
98683;3;-22;0
16303;-17;-5;0
16391;11;-15;0
16648;-6;-15;-11
17322;5;-53;0
17508;11;-39;-12
17564;-3;-26;-6
17602;20;-14;0
17658;-6;-55;0
98878;-16;-31;0
18412;20;-14;0
18436;-28;-26;-10
18679;-15;-25;0
18761;-10;-20;-14
18808;1;-31;0
19261;-25;-25;0
19336;21;-7;0
19584;-15;-8;0
20346;-10;-32;0
20724;-17;-24;0
95317;-1;-24;-10
21381;-3;-33;-1
21673;-6;-44;0
22131;0;-32;-1
22175;1;-16;0
22242;20;-15;0
22296;-5;-38;0
22502;-16;-20;0
88226;-10;-29;-11
22853;5;-52;0
96350;24;-7;0
23024;5;-54;0
23204;-5;-14;-10
23276;14;-25;0
24214;20;-8;0
25668;-17;-55;0
25715;0;-19;0
25897;13;-28;0
26190;-11;-29;-5
94919;24;-40;-2
26944;-20;-7;0
27077;16;-38;0
27254;-27;-30;0
27417;-25;-13;0
27442;11;-35;0
27469;23;-13;0
88153;-10;-30;0
91020;-10;-9;0
28105;5;-29;-2
28640;-18;-55;-1
28692;-29;-13;0
94622;4;-11;-6
28939;-17;-55;-1
29249;12;-10;-7
29357;22;-23;-7
96513;-12;-26;-12
96692;1;-58;0
29703;-16;-15;0
29740;19;-24;-5
29847;19;-47;0
29855;24;-6;-13
30132;15;-45;-2
30211;-2;-29;0
30271;20;-26;-8
96195;-21;-28;-4
30382;18;-22;0
95765;7;-27;-3
97211;-8;-57;0
31624;15;-19;0
31645;-18;-52;-1
31820;-28;-25;0
95027;-12;-23;-9
31883;-28;-27;0
31916;24;-56;0
32099;-6;-44;0
32227;-7;-43;0
32553;-25;-5;0
96644;-12;-23;-9
32633;-20;-20;0
32653;-3;-10;0
32770;7;-19;0
33195;-7;-17;0
33241;1;-5;0
33393;1;-39;0
33425;-2;-27;0
33791;-21;-41;-8
34753;15;-10;-10
34905;24;-52;0
96440;-22;-39;-12
35047;24;-14;0
35140;-5;-30;0
35343;-20;-36;0
35408;-1;-53;0
35592;22;-10;0
35597;2;-48;0
35696;-4;-18;-4
36443;-12;-30;0
93718;0;-36;0
36912;25;-47;0
37294;-24;-18;0
37352;-13;-11;0
37482;-13;-48;0
37597;18;-14;0
98798;-13;-20;0
38488;-12;-6;0
38838;19;-9;0
38999;15;-10;0
39343;10;-58;0
40022;-12;-55;0
40283;-12;-12;0
40294;-12;-46;-11
40318;-9;-9;0
40941;12;-52;0
41049;0;-49;0
98914;-11;-16;-3
41868;25;-25;0
42224;-4;-50;0
98446;21;-21;-1
43196;-29;-31;-1
43783;13;-52;0
43789;-10;-8;-6
43970;-10;-18;-4
44013;15;-11;0
44356;3;-26;0
44723;-28;-27;0
96887;-24;-49;0
45461;-13;-32;0
45750;-28;-11;0
45897;-25;-52;0
46591;17;-39;0
47098;12;-37;0
47121;-25;-35;-9
47395;-4;-22;0
47606;21;-15;0
92395;-1;-30;0
47981;6;-30;0
47983;8;-55;-9
48084;-19;-54;-1
48212;16;-9;0
48270;0;-51;0
48453;19;-30;0
48469;-5;-48;0
48571;-25;-25;0
99284;7;-16;-1
96995;24;-11;-4
49544;14;-31;0
97235;25;-18;-8
92353;9;-21;-1
49783;2;-48;0
49797;-1;-44;0
49988;-17;-25;-2
50281;-9;-14;-9
50601;-1;-10;-3
50758;21;-23;-7
50775;-7;-15;0
51343;6;-9;0
94695;-8;-10;-8
51881;-24;-50;-5
97138;-5;-12;-7
96691;16;-11;-5
52167;-16;-56;0
52749;-26;-10;0
53006;-19;-53;-9
53293;18;-37;-14
53517;8;-33;-13
53957;4;-38;0
88750;-10;-40;-3
98634;-18;-49;0
54473;9;-57;0
55045;1;-7;0
55126;11;-51;0
56156;6;-18;0
56304;11;-5;0
86483;-2;-50;0
56413;10;-32;0
56524;12;-32;0
56546;-19;-53;0
56780;24;-58;-2
98278;-3;-33;-4
57069;1;-17;0
57536;16;-35;0
57694;-28;-31;0
58738;8;-38;0
58834;14;-37;-13
58914;6;-10;-3
59515;-14;-9;0
59889;10;-39;0
59932;6;-10;-3
60040;-8;-38;0
60067;-5;-12;-1
94453;21;-39;-8
60590;-29;-6;0
98952;21;-21;-1
61317;16;-25;0
61363;19;-30;-6
61382;-24;-42;-12
97206;-22;-52;-9
61853;18;-32;0
61914;10;-32;0
61917;20;-20;0
62182;16;-38;-13
62205;-17;-54;0
62291;10;-32;0
62298;-11;-42;0
96936;-6;-14;-11
62675;-21;-25;0
62709;-10;-17;0
63719;2;-54;0
63777;8;-5;-2
63945;9;-30;-8
63958;12;-54;0
64264;25;-5;-13
98672;-14;-32;-1
64506;-24;-43;-11
64584;-15;-11;0
64912;2;-46;0
64994;-20;-40;-4
65073;14;-28;0
65274;1;-36;0
65386;-26;-22;0
65452;-25;-42;0
65781;-20;-29;0
65783;-6;-21;-8
66029;2;-11;0
66086;-1;-27;0
98485;-1;-17;0
66186;14;-15;0
66192;13;-41;-12
66256;24;-37;0
66441;19;-50;-10
66556;19;-19;0
66564;-1;-5;-1
66582;25;-58;-1
66762;-11;-59;-3
67419;-29;-23;0
96515;-21;-13;-1
67710;15;-25;0
67724;-4;-5;0
97002;-10;-20;-14
67930;-21;-16;0
67966;19;-41;0
68030;7;-33;0
68077;-21;-41;-8
68304;-10;-8;0
68342;17;-57;-3
68463;-17;-30;-9
68519;-16;-58;-4
68984;-26;-49;-14
69263;-22;-29;-4
92790;-18;-39;0
92352;-27;-53;0
94501;11;-45;-5
69800;14;-40;0
93614;17;-15;-6
69947;18;-37;-14
69959;-1;-23;-4
90709;5;-9;0
86472;21;-24;0
70205;0;-48;0
70330;-5;-9;0
70373;-6;-44;-3
70409;-21;-42;-6
98901;-21;-9;-1
70567;-9;-23;0
70807;24;-30;0
70819;-9;-21;-1
70968;23;-23;0
71338;-20;-36;-3
71561;-3;-23;0
71649;-11;-23;-11
71719;20;-57;-9
71731;4;-9;0
71960;-18;-12;0
72032;7;-36;-2
72109;15;-33;0
72131;22;-54;0
72192;-18;-25;-2
72529;14;-11;0
95284;-23;-56;-4
73380;8;-33;-2
73510;12;-34;0
73610;1;-26;-6
73970;9;-45;0
74012;-22;-22;0
74006;-24;-15;-11
74056;24;-10;-4
74157;15;-15;-4
74189;22;-17;-12
98770;-21;-19;0
74291;10;-32;0
74517;-4;-24;0
74769;-3;-30;0
92953;16;-32;-4
75293;-3;-30;0
75330;16;-36;0
75406;8;-35;0
75723;18;-37;0
75728;22;-42;-1
75794;11;-37;0
76233;8;-12;-1
76300;-20;-35;-4
76296;-17;-18;0
76458;-15;-23;-14
76599;-2;-33;0
89249;25;-38;0
77306;-10;-20;0
89167;15;-22;0
77676;-2;-33;0
78126;18;-37;-14
78151;22;-37;0
78224;-3;-43;0
91416;21;-17;0
78660;2;-14;0
78836;5;-38;0
78830;-11;-24;0
78911;-27;-26;0
78907;4;-8;0
78917;15;-34;-14
98160;-9;-56;0
79067;-19;-51;-1
95732;-5;-12;-1
79154;16;-48;0
94813;-10;-10;-10
90130;-20;-23;0
90280;6;-34;0
79596;6;-23;0
79604;-21;-41;-6
79648;14;-34;0
98868;-20;-5;0
98540;-3;-15;0
98867;-29;-7;-2
79895;-26;-49;-14
99209;19;-39;-1
80150;-18;-56;-4
80324;9;-9;-9
80428;-25;-25;0
98406;0;-30;0
80679;-4;-37;0
92118;-7;-7;0
80836;19;-27;-3
80977;0;-26;0
81083;-12;-47;0
81357;15;-12;0
85619;7;-41;0
81392;11;-6;-9
94249;21;-27;-7
84476;15;-21;-5
81528;-3;-11;0
81551;-13;-53;0
81599;-23;-13;-11
81685;13;-35;0
81804;-5;-48;-13
81847;-11;-45;0
81881;-19;-36;-4
81870;-17;-5;0
81928;10;-27;0
82059;-26;-25;0
82179;6;-20;0
99253;14;-50;-2
82325;7;-56;-2
82375;-4;-57;-2
91082;-24;-51;-1
82537;13;-13;0
88805;-19;-40;-3
98864;18;-59;0
82569;-25;-25;-2
82609;-10;-56;0
82785;-20;-26;0
91823;-24;-16;0
98566;23;-20;0
82856;15;-34;-14
82922;-2;-31;0
82924;-4;-17;0
82985;-8;-14;-10
83085;19;-24;-5
83138;-16;-51;0
83124;12;-36;-10
83170;9;-14;-4
83233;1;-9;0
83236;0;-52;0
83238;-13;-22;0
85159;-8;-7;0
88274;-8;-25;0
83293;17;-47;-1
83336;-25;-25;0
83428;-10;-15;-9
83427;-7;-14;-10
88930;0;-19;0
91817;-10;-52;0
83638;-29;-15;0
98246;-8;-46;0
83777;-28;-36;0
92428;-7;-13;-13
93987;14;-37;0
83899;-11;-13;0
97277;-12;-5;-1
83944;-15;-23;-14
89213;-7;-7;0
92800;-9;-49;-9
84066;-15;-24;-9
84103;-14;-59;-3
89266;22;-7;0
98708;-21;-51;0
84202;-4;-7;-3
86571;-15;-15;0
88838;13;-40;-12
86424;8;-22;0
87652;-11;-18;0
89573;-24;-12;0
92845;20;-5;-13
90105;-2;-45;0
84416;-19;-40;-9
84436;8;-11;-11
85496;12;-53;0
85257;-22;-28;-5
95915;-1;-53;0
84479;-15;-15;0
84629;-13;-40;-2
88873;-13;-35;0
96649;-17;-6;0
94214;22;-24;-2
84855;-21;-50;-13
97124;2;-50;0
90351;11;-36;0
84814;-2;-43;0
87945;-26;-25;0
85095;25;-53;-3
96939;-10;-29;-11
85022;-13;-23;-9
99336;5;-23;0
97018;-10;-20;-14
86608;-21;-21;-12
88380;-7;-29;0
85878;6;-23;0
98586;-29;-48;0
85837;19;-19;0
90096;-8;-24;0
85801;-20;-31;0
93721;9;-54;0
86704;-2;-28;0
92407;15;-36;0
94696;18;-37;0
86395;-5;-47;-6
88988;-15;-50;0
88702;0;-30;-1
86755;-4;-38;0
98501;17;-59;0
98721;-6;-14;-11
96200;10;-43;-4
92443;-8;-29;-3
90892;20;-21;-4
96022;-26;-42;0
86632;-26;-27;-2
90738;-5;-5;0
90091;23;-47;0
90381;2;-38;0
87562;3;-26;0
92934;-20;-37;-4
96761;-6;-23;-2
87037;20;-5;-13
90320;15;-15;0
87210;2;-57;0
87310;-6;-28;0
92292;21;-14;-1
92263;8;-36;-9
89017;15;-37;-12
96275;-10;-21;0
87515;25;-24;0
97032;-10;-20;-14
98931;-12;-17;0
89966;20;-51;-9
89384;20;-26;-8
98115;3;-45;0
93384;-13;-20;-10
95903;16;-51;0
96523;-25;-55;0
97044;10;-21;-8
98754;-11;-44;0
92741;11;-10;0
98555;-1;-17;-8
93725;-19;-19;0
94995;1;-55;0
94076;1;-36;0
92831;21;-46;0
95200;23;-16;-13
96609;16;-15;0
98569;2;-52;0
96155;10;-5;0
92321;15;-36;0
98221;-8;-12;0
96034;-27;-54;0
91685;-5;-50;-1
98195;-5;-9;0
91792;-6;-16;0
95681;16;-56;0
94038;4;-34;0
92131;19;-26;-8
98169;1;-34;0
92979;-21;-43;0
93279;-12;-59;-10
95133;18;-53;0
97041;8;-16;0
96842;-10;-29;-11
98762;14;-27;0
97234;24;-54;-10
98618;-7;-5;-6
98544;10;-31;-7
95980;14;-42;-12
98148;-18;-52;-1
96710;-2;-16;-2
93555;-8;-30;0
97168;22;-29;-4
95282;10;-7;-3
93769;-19;-25;0
96611;18;-41;-8
97601;21;-57;-1
93975;-22;-37;-5
96062;3;-43;0
96231;-21;-41;-5
98662;13;-59;0
94085;23;-16;-13
94090;7;-31;-10
94608;-28;-35;0
97917;-9;-47;0
96422;-26;-13;-9
96941;15;-15;0
96869;-24;-48;-14
95788;14;-41;-9
98647;-13;-42;0
97003;-16;-12;-1
96443;-21;-38;-12
95804;0;-18;0
98777;-1;-18;0
99290;-14;-35;0
98869;8;-23;-1
98318;6;-21;-5
98181;24;-30;0
97632;-13;-35;0
98380;-24;-14;0
98942;18;-39;-4
97507;22;-47;0
97961;-21;-40;-7
98665;-21;-8;0
98799;10;-48;-1
98750;-6;-48;0
98751;12;-46;0
97450;-7;-23;-3
98834;-19;-57;0
97992;5;-26;0
97543;16;-14;0
98262;25;-26;-1
98855;-9;-28;0
98742;-23;-10;-11
98479;-27;-42;0
98302;-6;-9;-3
98758;-6;-15;-11
97693;16;-48;0
98887;-12;-30;0
97631;-29;-8;0
97677;-21;-13;0
98604;10;-18;0
98208;-16;-55;0
97789;-1;-20;0
98572;17;-38;0
97791;-16;-7;0
97819;12;-40;-13
97825;-19;-51;-1
98216;-23;-39;0
97938;-26;-46;-2
98429;9;-23;0
98925;-12;-17;-2
98389;-3;-27;0
98394;13;-34;0
98433;-6;-14;-11
99064;-7;-8;-4
98967;-6;-53;0
99116;7;-35;-4
98964;-28;-13;0
99270;3;-5;0
99041;-24;-51;-1
98963;7;-6;-2
99210;-23;-40;0
99127;23;-27;-1
99084;-29;-48;0
99324;-24;-59;-1
99234;-23;-59;0
99315;7;-6;-2
99317;16;-20;-1
99100;20;-7;-4
99259;-29;-44;0
99263;-15;-24;0
99266;6;-46;-1
99335;-18;-57;0
99308;-9;-53;0
99329;-13;-11;0
99342;-20;-37;0
#FIN TROLLS
#DEBUT MONSTRES
2080765;Gowap Apprivoisé [Ancien];-28;-33;-14
2423236;Amibe [Nouvelle];-21;-24;-14
1093830;Gowap Apprivoisé [Ancien];-12;-10;-14
2422205;Ame-en-peine [Naissante];-10;-42;-14
2420915;Thri-kreen [Larve];-10;-20;-14
2420916;Thri-kreen [Larve];-10;-20;-14
2398151;Golem de Chair [Jeune];-8;-51;-14
2416929;Thri-kreen [Larve];-4;-23;-14
2413237;Petit Thri-kreen [Larve];8;-49;-14
2413238;Thri-kreen Lobotomisateur [Larve];8;-49;-14
2208394;Gowap Apprivoisé [Chef de harde];17;-37;-14
2090625;Gowap Apprivoisé [Ancien];17;-16;-14
1968404;Gowap Apprivoisé [Ancien];20;-5;-14
2418496;Momie Implacable [Naissante];23;-37;-14
2421846;Amibe Géante [Nouvelle];24;-22;-14
2415908;Lézard Géant [Nouveau];-22;-39;-13
2410918;Hurleur [Nouveau];-21;-50;-13
2405059;Gowap Apprivoisé [Bébé];-15;-12;-13
679877;Gowap Apprivoisé [Ancien];-13;-10;-13
483849;Gowap Apprivoisé [Ancêtre];-10;-20;-13
2412951;Kobold [Nouveau];-5;-48;-13
2412352;Pititabeille Lobotomisatrice [Larve];-5;-48;-13
2376710;Monstre Rouilleur [Jeune];-2;-47;-13
461242;Gowap Apprivoisé [Ancêtre];-2;-44;-13
2416928;Thri-kreen [Larve];-1;-23;-13
2414713;Petit Croquemitaine [Naissant];5;-39;-13
827490;Gowap Apprivoisé [Ancien];9;-37;-13
483917;Gowap Apprivoisé [Ancêtre];20;-26;-13
2370259;Anaconda des Catacombes [Adulte];20;-5;-13
2119233;Gowap Apprivoisé [Ancien];21;-32;-13
1188172;Gowap Apprivoisé [Ancien];22;-18;-13
2414714;Mimique [Nouveau];23;-16;-13
2418393;Ogre [Nouveau];24;-6;-13
738905;Gowap Apprivoisé [Ancien];-29;-50;-12
2421016;Croquemitaine Malade [Naissant];-24;-27;-12
2422262;Champi-Glouton [Nouveau];-22;-39;-12
2423447;Héros Yéti [Nouveau];-21;-21;-12
2419659;Cockatrice [Nouvelle];-13;-51;-12
2419569;Lézard Géant [Nouveau];-3;-48;-12
1396109;Gowap Apprivoisé [Ancien];-3;-47;-12
1325299;Gowap Apprivoisé [Ancien];0;-15;-12
2408333;Crasc [Nouveau];6;-11;-12
2408331;Crasc [Nouveau];6;-11;-12
1912138;Gowap Apprivoisé [Ancien];10;-24;-12
2422120;Guerrier Orque [Nouveau];13;-41;-12
2049326;Gowap Apprivoisé [Ancien];15;-36;-12
2415738;Gargouille [Nouvelle];15;-13;-12
1190263;Gowap Apprivoisé [Ancien];19;-35;-12
1967973;Gowap Apprivoisé [Ancien];20;-5;-12
2321021;Gowap Apprivoisé [Adulte];-11;-8;-11
2404484;Loup-Garou [Nouveau];-10;-29;-11
2409973;Nécrophage Corrompu [Naissant];-10;-29;-11
2412329;Nécrophage [Naissant];-10;-29;-11
2412360;Pititabeille Lobotomisatrice [Larve];-6;-45;-11
2255730;Gowap Apprivoisé [Mature];-6;-8;-11
2419568;Lézard Géant Frénétique [Nouveau];-1;-48;-11
2418499;Momie Cogneuse [Naissante];19;-36;-11
947834;Gowap Apprivoisé [Ancien];20;-16;-11
949940;Gowap Apprivoisé [Ancien];21;-35;-11
676143;Gowap Apprivoisé [Ancien] Speedy le ventru;-12;-46;-10
452107;Gowap Apprivoisé [Ancêtre] Bryan;-11;-18;-10
623680;Gowap Apprivoisé [Ancêtre];-11;-18;-10
689926;Gowap Apprivoisé [Ancien] abruti;-10;-7;-10
483149;Gowap Sauvage [Ancêtre] Mère D'Houyõ;-5;-13;-10
2421932;Fungus Géant [Nouveau];-1;-52;-10
2421931;Fungus Géant [Nouveau];-1;-52;-10
2415883;Gnoll [Nouveau];-1;-24;-10
2405831;Anaconda des Catacombes [Jeune];5;-7;-10
2423459;Cockatrice [Nouvelle];6;-29;-10
677185;Gowap Apprivoisé [Ancien];6;-27;-10
2418326;Momie [Naissante];12;-23;-10
1911838;Gowap Apprivoisé [Ancien];18;-30;-10
2414585;Gremlins [Nouveau];19;-50;-10
2403819;Slaad [Nouveau];24;-54;-10
1244393;Gowap Apprivoisé [Ancien];24;-21;-10
2423290;Petite Momie [Naissante];-23;-19;-9
2420883;Gargouille [Nouvelle];-22;-52;-9
1836233;Gowap Apprivoisé [Ancien] Kourvitte;-22;-13;-9
2415324;Strige Morticole [Larve];-19;-40;-9
2388027;Gowap Apprivoisé [Enfançon];-18;-55;-9
2404957;Champi-Glouton [Nouveau];-17;-30;-9
2421327;Gremlins [Nouveau];-14;-23;-9
2421482;Frondeur Gremlins [Nouveau];-14;-23;-9
1866598;Gowap Apprivoisé [Ancien];-13;-48;-9
2422145;Ogre [Nouveau];-13;-23;-9
2417826;Gremlins [Nouveau];-13;-23;-9
2421743;Gremlins [Nouveau];-13;-23;-9
2421742;Gremlins [Nouveau];-12;-23;-9
2422487;Frondeur Gremlins [Nouveau];-11;-24;-9
2414797;Petite Gargouille [Nouvelle];-9;-49;-9
2412529;Gnoll [Nouveau];-6;-54;-9
2420901;Tutoki [Nouveau];-6;-50;-9
2415031;Petite Pititabeille [Larve];-3;-54;-9
601556;Gowap Apprivoisé [Ancêtre];2;-52;-9
2371655;Gowap Apprivoisé [Jeune];2;-35;-9
2421349;Héros Goblin [Nouveau];6;-11;-9
2410106;Pititabeille [Larve];8;-39;-9
2423458;Cockatrice [Nouvelle];8;-30;-9
2419788;Goblin Coriace [Nouveau];9;-29;-9
2422121;Orque [Nouveau];11;-44;-9
2422119;Voleur Orque [Nouveau];14;-41;-9
2411142;Gremlins [Nouveau];20;-58;-9
486023;Gowap Apprivoisé [Ancêtre];20;-26;-9
587224;Gowap Apprivoisé [Ancêtre];20;-26;-9
2122789;Gowap Apprivoisé [Ancien];22;-37;-9
2415828;Grand Frondeur Rat-Garou [Jeune];-25;-37;-8
2400818;Minotaure [Nouveau];-18;-55;-8
1977381;Gowap Apprivoisé [Ancien] Raymond;-15;-24;-8
2419656;Voleur Lutin [Nouveau];-1;-17;-8
2415038;Petite Pititabeille [Larve];0;-59;-8
2419657;Lutin [Nouveau];1;-16;-8
1723273;Gowap Apprivoisé [Ancien];3;-33;-8
578597;Gowap Apprivoisé [Ancêtre];10;-26;-8
2413704;Cockatrice [Nouvelle];10;-21;-8
2423449;Gnoll [Nouveau];14;-32;-8
518572;Gowap Apprivoisé [Ancêtre];17;-22;-8
1039214;Gowap Sauvage [Ancien];19;-26;-8
628059;Gowap Apprivoisé [Ancêtre];20;-25;-8
1985482;Gowap Apprivoisé [Ancien];20;-24;-8
1112076;Gowap Apprivoisé [Ancien];21;-23;-8
2412641;Yéti [Nouveau];25;-18;-8
2421137;Ombre [Naissante];-23;-50;-7
2422133;Ogre [Nouveau];-23;-7;-7
2412631;Guerrier Rat-Garou [Nouveau];-5;-12;-7
2412630;Rat-Garou Fou [Nouveau];-5;-12;-7
1020853;Gowap Apprivoisé [Ancien];10;-31;-7
742629;Gowap Apprivoisé [Ancien];17;-23;-7
2418453;Gowap Apprivoisé [Bébé];18;-25;-7
2414403;Squelette [Naissant];18;-22;-7
504552;Gowap Apprivoisé [Ancêtre];18;-22;-7
556896;Gowap Apprivoisé [Ancêtre];18;-22;-7
954028;Gowap Apprivoisé [Ancien];18;-22;-7
1169142;Gowap Sauvage [Ancien];20;-23;-7
1058429;Gowap Apprivoisé [Ancien];20;-22;-7
1812145;Gowap Apprivoisé [Ancien];20;-20;-7
2423304;Barbare Orque [Nouveau];-27;-44;-6
2418614;Rat Géant Coriace [Bébé];-10;-48;-6
2418562;Kobold [Nouveau];-10;-8;-6
2415032;Petite Pititabeille [Larve];4;-53;-6
2410193;Fungus Violet Gargantuesque [Nouveau];6;-55;-6
2423258;Rat-Garou [Nouveau];10;-35;-6
1853716;Gowap Apprivoisé [Ancien];18;-8;-6
2416125;Strige Soldat [Larve];-29;-30;-5
2416846;Kobold [Nouveau];-22;-37;-5
2423059;Strige [Larve];-21;-41;-5
1211979;Gowap Apprivoisé [Ancien];-18;-37;-5
2414131;Strige [Larve];-4;-41;-5
2420241;Goblin Agressif [Nouveau];-1;-38;-5
2391400;Goule [Récente];5;-22;-5
2420512;Goblin Guérisseur [Nouveau];6;-21;-5
2420513;Goblin [Nouveau];6;-21;-5
2421646;Goblin Mutant [Nouveau];8;-51;-5
1683429;Gowap Apprivoisé [Ancien];9;-14;-5
2418389;Hurleur [Nouveau];11;-9;-5
2358791;Gowap Apprivoisé [Jeune];12;-27;-5
2418388;Fungus Violet Frénétique [Nouveau];14;-10;-5
2397769;Gowap Apprivoisé [Enfançon];18;-24;-5
2398267;Gowap Apprivoisé [Enfançon];19;-24;-5
2387024;Bouj'Dla Esculape [Jeune];19;-24;-5
1801905;Gowap Apprivoisé [Ancien] stephanie gowapette sexy;20;-21;-5
771729;Gowap Apprivoisé [Ancien];21;-23;-5
2082034;Gowap Apprivoisé [Ancien];21;-6;-5
2423302;Orque Agressif [Nouveau];-29;-44;-4
2421823;Rat Géant [Bébé];-24;-28;-4
2417242;Araignée Géante Morticole [Larve];-23;-56;-4
2423397;Chauve-Souris Géante [Bébé];-23;-56;-4
2414466;Strige [Larve];-4;-57;-4
2415973;Lutin Mutant [Nouveau];-3;-30;-4
2417810;Strige Corrompue [Larve];0;-42;-4
1347645;Gowap Apprivoisé [Ancien] Gowoum;1;-43;-4
715435;Gowap Apprivoisé [Ancien];2;-17;-4
2418561;Zombie [Naissant];7;-41;-4
2421645;Goblin [Nouveau];7;-35;-4
2421650;Shaman Goblin [Nouveau];7;-35;-4
2416365;Paysan Goblin [Nouveau];14;-35;-4
2398427;Familier [Jeune];18;-46;-4
2415931;Scarabée Géant [Larve];20;-21;-4
2421716;Rat Géant [Bébé];-29;-34;-3
2423399;Chauve-Souris Géante [Bébé];-24;-56;-3
2423398;Chauve-Souris Géante [Bébé];-23;-54;-3
2417357;Kobold [Nouveau];-20;-36;-3
1745106;Gowap Apprivoisé [Ancien];-20;-30;-3
2421370;Squelette Implacable [Naissant];-18;-12;-3
2418321;Zombie [Naissant];-10;-40;-3
2412358;Pititabeille Lobotomisatrice [Larve];-10;-40;-3
2421199;Squelette Malade [Naissant];-8;-29;-3
2403965;Rat Géant Cogneur [Enfançon];-8;-29;-3
2420996;Kobold [Nouveau];-7;-23;-3
2403966;Rat Géant Coriace [Enfançon];-5;-32;-3
2415436;Rat Géant [Bébé];-2;-28;-3
2403967;Rat Géant [Enfançon];-1;-28;-3
2422472;Rat Géant [Bébé];6;-10;-3
2421825;Grand Frondeur Goblin [Nouveau];19;-54;-3
2421109;Strige [Larve];19;-27;-3
2414917;Gros Squelette [Naissant];-29;-7;-2
2421829;Rat Géant Corrompu [Bébé];-28;-31;-2
2414948;Ombre [Récente];-26;-46;-2
2423867;Goblin Mutant [Nouveau];-16;-46;-2
2422940;Strige [Larve];-13;-55;-2
2412355;Pititabeille Lobotomisatrice [Larve];-13;-40;-2
2422479;Gros Squelette [Naissant];-12;-17;-2
2424066;Goblin [Nouveau];-9;-28;-2
2424070;Goblin Agressif [Nouveau];-9;-28;-2
2424069;Goblin [Nouveau];-9;-28;-2
2424057;Rat Géant Attentionné [Bébé];-7;-7;-2
2424052;Rat Géant [Bébé];-7;-7;-2
2424054;Rat Géant [Bébé];-7;-7;-2
2424053;Rat Géant Enragé [Bébé];-7;-7;-2
2414467;Strige [Larve];-4;-57;-2
544978;Gowap Apprivoisé [Ancêtre] Spinoza;-1;-5;-2
2420237;Shaman Goblin [Nouveau];2;-31;-2
2424072;Goblin [Nouveau];3;-55;-2
2424073;Shaman Goblin [Nouveau];3;-55;-2
2419770;Araignée Géante [Larve];5;-29;-2
2417541;Reine Strige [Larve];5;-16;-2
2417170;Goule Corrompue [Naissante];8;-5;-2
2090624;Gowap Apprivoisé [Ancien];9;-19;-2
2418861;Strige [Larve];10;-30;-2
2290343;Gowap Apprivoisé [Mature];15;-30;-2
1461468;Gowap Apprivoisé [Ancien];17;-33;-2
2212782;Gowap Apprivoisé [Chef de harde];-28;-7;-1
2394808;Familier [Jeune];-27;-6;-1
2065696;Gowap Apprivoisé [Ancien];-25;-52;-1
2404873;Goblin [Nouveau];-24;-56;-1
2388860;Nâ-Hàniym-Hééé [Récent];-21;-9;-1
533044;Gowap Apprivoisé [Ancêtre];-20;-20;-1
2409426;Petit Kobold [Nouveau];-19;-51;-1
2415523;Strige [Larve];-16;-33;-1
2411374;Pititabeille [Larve];-16;-33;-1
1285809;Gowap Apprivoisé [Ancien];-16;-13;-1
2296319;Gowap Apprivoisé [Adulte];-15;-50;-1
442811;Gowap Apprivoisé [Ancêtre];-13;-15;-1
446740;Gowap Apprivoisé [Ancêtre];-13;-10;-1
1712553;Gowap Apprivoisé [Ancien];-10;-30;-1
2273297;Gowap Apprivoisé [Mature];-7;-29;-1
2407717;Kobold [Nouveau];-5;-12;-1
1503570;Gowap Apprivoisé [Ancien];-5;-9;-1
2419350;Squelette [Naissant];-3;-51;-1
1264507;Gowap Apprivoisé [Ancien];0;-29;-1
1347537;Gowap Apprivoisé [Ancien];0;-27;-1
2420236;Goblin [Nouveau];2;-31;-1
1205621;Gowap Apprivoisé [Ancien];3;-49;-1
495818;Gowap Apprivoisé [Ancêtre];6;-30;-1
2423831;Goblin [Nouveau];7;-55;-1
2416181;Goblin Corrompu [Nouveau];7;-16;-1
2423829;Goblin [Nouveau];8;-53;-1
2403968;Rat Géant [Enfançon];9;-21;-1
1337530;Gowap Apprivoisé [Ancien];10;-32;-1
2345331;Gowap Apprivoisé [Jeune];10;-23;-1
1249540;Gowap Apprivoisé [Ancien];12;-54;-1
2290377;Gowap Apprivoisé [Mature];15;-19;-1
2422894;Rat [Bébé];16;-20;-1
2362100;Gowap Apprivoisé [Jeune];17;-17;-1
2391203;Familier [Jeune];18;-57;-1
515804;Gowap Apprivoisé [Ancêtre];18;-14;-1
1229893;Gowap Apprivoisé [Ancien] Koumal;20;-51;-1
2421831;Goblin [Nouveau];21;-57;-1
689641;Gowap Apprivoisé [Ancien];21;-14;-1
2415873;Ombre [Naissante];25;-26;-1
#FIN MONSTRES
#DEBUT TRESORS
6692931;Potion;-7;-44;-9
1974857;Arme (1 main);22;-32;-13
6587463;Potion;-12;-22;-9
6555882;Potion;3;-34;-6
3339653;Armure;22;-32;-13
6708185;Arme (2 mains);-9;-39;-14
6176694;Armure;24;-53;-13
6709316;Composant;1;-34;-6
6718222;Composant;-21;-33;-11
6728124;Composant;19;-58;-6
5991084;Arme (1 main);-13;-31;-9
3462850;Arme (2 mains);22;-32;-13
3690910;Bidouille;-12;-5;0
6548068;Arme (1 main);13;-22;-13
6606560;Arme (2 mains);-21;-44;-13
6675894;Arme (1 main);-4;-10;-12
4577718;Bidouille;10;-42;-2
6410513;Armure;25;-11;-5
6654370;Potion;-16;-39;-13
6637138;Potion;21;-20;-5
6631926;Potion;10;-29;-8
6714898;Potion;7;-5;-1
6738469;Potion;-21;-28;-4
2674998;Arme (1 main);-2;-30;0
6534259;Armure;-21;-55;-6
6511307;Potion;18;-25;-7
5982847;Arme (1 main);-5;-23;-13
6050160;Arme (1 main);-17;-23;-12
6740036;Gigots de Gob;11;-6;-9
5722743;Armure;-22;-33;-12
6556693;Bottes;-29;-53;-5
5625302;Arme (1 main);-22;-7;-7
6352135;Armure;-22;-44;-11
5801497;Bidouille;-29;-48;-2
6292691;Arme (1 main);-15;-25;-12
997583;Arme (2 mains);23;-29;-11
2068878;Armure;22;-32;-13
6611898;Potion;8;-30;-9
5298608;Armure;-23;-22;-11
6703610;Potion;12;-42;-6
6668570;Potion;10;-58;-4
6713738;Composant;16;-5;-4
5155593;Arme (1 main);-13;-24;-14
4741354;Armure;11;-59;-11
6693268;Potion;10;-10;-9
6149957;Arme (2 mains);4;-42;-12
6691740;Arme (1 main);10;-42;0
5809536;Arme (1 main);-27;-48;-7
4841469;Armure;-16;-11;-8
1707431;Arme (1 main);22;-32;-13
6511917;Arme (2 mains);-27;-42;-10
6710798;Composant;-25;-41;-4
6522228;Potion;-16;-39;-13
6616639;Potion;11;-18;-3
4783482;Arme (2 mains);22;-53;-12
2447659;Bidouille;-20;-10;-10
6566344;Arme (1 main);-5;-48;-11
6041862;Armure;-16;-35;-12
6396947;Armure;14;-13;-4
4154889;Arme (2 mains);22;-32;-13
6611952;Arme (1 main);-13;-45;-8
6739980;Gigots de Gob;-2;-16;-2
6599147;Armure;-18;-8;-3
6651902;Armure;-11;-37;-12
6677872;Potion;16;-9;-7
3211178;Bidouille;21;-20;-5
6722564;Composant;-25;-41;-4
6718070;Composant;15;-17;-8
6371655;Armure;-15;-52;-5
2511175;Bidouille;8;-32;-13
6703838;Composant;8;-14;-13
5125706;Arme (2 mains);6;-35;-10
6732868;Composant;-15;-24;-9
3263676;Arme (1 main);7;-23;-7
6359204;Arme (1 main);21;-30;-4
6726165;Gigots de Gob;-4;-11;-5
5461570;Armure;5;-44;-6
3904786;Armure;-8;-33;-12
6276379;Armure;-3;-34;-5
6713740;Casque;-26;-13;-9
6170946;Armure;-8;-40;-12
6437818;Armure;-4;-49;-4
6736563;Gigots de Gob;-24;-30;-3
6163320;Arme (1 main);-28;-10;0
6702722;Potion;-9;-39;-11
6721746;Composant;-18;-23;-7
6510992;Arme (1 main);1;-19;-2
5881828;Armure;-28;-28;-7
6407582;Armure;17;-53;-6
6734918;Gigots de Gob;-1;-24;-10
6537815;Armure;-18;-32;-11
5833996;Arme (1 main);-7;-55;-13
6721745;Arme (1 main);-18;-23;-7
6523137;Armure;-27;-32;-8
6004423;Arme (1 main);-15;-52;-5
6710472;Armure;-12;-46;-8
5539879;Armure;22;-53;-11
6349011;Armure;-29;-53;0
6707246;Potion;21;-23;-8
6097894;Arme (2 mains);-9;-46;-11
6004233;Arme (2 mains);15;-37;-4
6723880;Gigots de Gob;11;-58;-3
2026985;Arme (2 mains);13;-32;-1
6101329;Armure;-20;-44;-8
6112621;Armure;25;-16;-4
4836464;Arme (2 mains);-7;-55;-14
6446314;Armure;24;-45;-6
2332363;Arme (1 main);22;-32;-13
3292198;Bidouille;0;-35;0
6604103;Arme (1 main);-21;-17;-5
6033632;Armure;9;-47;-3
1154304;Arme (2 mains);22;-32;-13
5328877;Bidouille;-27;-47;-2
6726669;Composant;7;-16;-3
6740763;Bottes;21;-21;-1
6518315;Potion;6;-8;-4
6731831;Composant;-15;-24;-9
6704515;Arme (1 main);-23;-44;-5
2539775;Arme (1 main);4;-42;-12
6571640;Arme (2 mains);9;-29;-13
6724948;Potion;-5;-48;-6
6258294;Arme (2 mains);-15;-33;-9
6736565;Composant;-24;-30;-3
6594332;Potion;-6;-50;-13
5986980;Arme (2 mains);5;-44;-6
6732235;Gigots de Gob;20;-51;-9
3713821;Arme (2 mains);22;-32;-13
6343276;Armure;-17;-41;-4
6288893;Arme (1 main);-5;-41;-3
6384683;Arme (1 main);4;-31;-6
6573406;Armure;12;-32;-13
6493725;Arme (1 main);-20;-10;-14
6725207;Composant;8;-14;-1
6739774;Composant;6;-10;-3
6203315;Arme (2 mains);-29;-58;-7
6728396;Gigots de Gob;-4;-33;-12
6596326;Armure;10;-44;-4
5432386;Arme (1 main);20;-53;-6
5930529;Bottes;5;-58;-13
5870942;Arme (1 main);-5;-11;-12
4547189;Arme (2 mains);20;-34;-12
6561105;Armure;18;-56;-6
2569592;Bidouille;-26;-22;-8
6740395;Composant;-21;-38;-12
6718589;Gigots de Gob;18;-38;-1
6739541;Composant;-19;-51;-1
6426773;Armure;18;-33;-13
6736364;Armure;-15;-24;-9
6716720;Composant;-4;-29;-2
6632613;Potion;-10;-27;-8
3014035;Bouclier;25;-58;-1
6503971;Armure;-9;-12;-2
6675589;Potion;-7;-46;-9
6709351;Bidouille;-2;-24;-10
6517135;Armure;-13;-7;-6
6699049;Potion;-22;-34;-11
6203506;Armure;-20;-36;-12
6732147;Gigots de Gob;10;-31;-7
3138701;Arme (2 mains);22;-32;-13
6576609;Arme (1 main);-12;-22;-9
6520612;Armure;21;-33;-6
6503514;Arme (1 main);2;-51;-10
4912879;Arme (1 main);7;-13;-11
5913469;Armure;-21;-15;-11
1628451;Armure;3;-45;0
6728902;Gigots de Gob;12;-11;-6
3453079;Armure;22;-33;-13
94995;Armure;22;-33;-13
6714855;Arme (2 mains);-20;-12;-4
6706398;Arme (1 main);-16;-52;-2
5885625;Arme (2 mains);-24;-10;-11
6278128;Bouclier;-20;-39;-7
6056033;Arme (1 main);-18;-33;-13
5854862;Arme (2 mains);-6;-30;-7
6734915;Composant;-15;-24;-9
1086797;Armure;22;-33;-13
5327451;Arme (2 mains);-29;-20;-6
6394050;Arme (1 main);-17;-28;-6
6528515;Armure;22;-34;0
6698840;Potion;5;-28;-6
4053397;Arme (2 mains);22;-32;-13
6735497;Composant;10;-31;-7
6261359;Armure;15;-38;-4
6637236;Arme (1 main);22;-39;-5
2786136;Bidouille;25;-48;-1
6705975;Composant;1;-34;-6
6696785;Potion;10;-10;-9
6677406;Arme (2 mains);14;-47;-11
3035579;Bidouille;-18;-22;-11
6398451;Arme (2 mains);-21;-46;-8
6740646;Gigots de Gob;-19;-40;-3
5882449;Armure;12;-29;-8
6573782;Armure;-4;-30;-8
6731627;Composant;9;-39;-10
6717161;Composant;-10;-48;-3
4531373;Arme (1 main);22;-32;-13
6692207;Arme (1 main);-29;-6;-12
6738516;Gigots de Gob;23;-23;-7
6605631;Armure;-17;-55;-10
5805501;Armure;23;-22;-3
6600094;Arme (1 main);21;-53;-12
3697099;Arme (2 mains);22;-32;-13
6373372;Arme (1 main);-28;-20;-9
6704930;Arme (1 main);-25;-47;-14
6480316;Arme (1 main);20;-6;-14
6549929;Arme (1 main);-29;-58;-7
6259768;Armure;-24;-24;-14
6288394;Arme (2 mains);-15;-24;-14
6658971;Potion;-1;-43;-4
5168047;Armure;-22;-30;-8
6705468;Armure;7;-7;-4
6554808;Armure;24;-35;-7
6135941;Bottes;7;-12;-7
6722950;Arme (1 main);-21;-6;-10
6062538;Arme (1 main);14;-47;-10
5725756;Armure;-20;-8;-1
6384696;Armure;-8;-24;-8
6489369;Armure;6;-38;-8
6597538;Potion;9;-57;-3
6140743;Armure;20;-36;-14
6252112;Armure;-20;-5;-9
1522325;Arme (1 main);23;-29;-11
6665159;Arme (1 main);-5;-11;-13
6562859;Armure;-17;-28;-6
6740606;Gigots de Gob;-10;-20;-14
5747732;Arme (1 main);8;-7;-7
3536524;Bidouille;21;-20;-5
6067737;Arme (2 mains);7;-7;-4
6661671;Potion;-28;-40;-14
4478868;Armure;16;-19;-1
6739761;Composant;10;-43;-4
6363266;Armure;-11;-5;-13
4964599;Armure;-13;-54;-14
6482235;Armure;5;-48;-1
6120161;Arme (2 mains);25;-17;-2
5967709;Arme (1 main);-13;-42;-2
6722464;Gigots de Gob;-15;-17;-2
1327611;Arme (1 main);23;-29;-11
1091168;Armure;23;-29;-11
6712378;Gigots de Gob;-14;-9;-8
5050092;Armure;21;-30;-10
3114603;Bidouille;-29;-40;-11
5801303;Arme (1 main);-25;-58;-9
6713737;Potion;16;-5;-4
6336170;Arme (2 mains);-14;-42;-8
6720094;Gigots de Gob;19;-39;-1
5462008;Arme (1 main);22;-13;-12
6739760;Potion;10;-43;-4
6288542;Arme (1 main);23;-21;-13
6730614;Armure;-8;-49;-9
6461624;Arme (1 main);-20;-9;-6
4652975;Arme (2 mains);22;-32;-13
6691808;Potion;-27;-30;-3
6709735;Composant;-16;-14;-6
6368812;Armure;17;-54;-8
6628779;Arme (1 main);-23;-26;-14
6473063;Armure;-4;-56;-6
4696202;Arme (2 mains);21;-33;-13
961509;Arme (2 mains);22;-32;-13
6465694;Armure;-18;-16;-6
6728904;Composant;12;-11;-6
6739759;Gigots de Gob;10;-43;-4
3140677;Bidouille;17;-23;-6
6078309;Armure;-19;-29;-8
1614727;Arme (2 mains);23;-29;-11
6706765;Arme (2 mains);-24;-10;-11
6605346;Arme (2 mains);9;-19;-3
5839249;Armure;9;-49;-6
2343905;Bidouille;-11;-12;-13
3944510;Bidouille;-5;-27;0
6139433;Arme (1 main);-5;-43;-13
6709096;Composant;12;-26;-7
6619532;Arme (1 main);-24;-46;-8
6518629;Armure;1;-5;-5
6377343;Armure;2;-13;-11
6712407;Composant;-15;-15;-6
6129143;Arme (1 main);18;-31;-8
6428800;Arme (2 mains);-26;-14;-4
1506491;Arme (1 main);23;-29;-11
6673189;Composant;21;-23;-8
6025425;Potion;-27;-7;0
6222849;Arme (2 mains);-18;-57;-10
4355015;Arme (2 mains);22;-32;-13
6714049;Composant;-14;-9;-8
6507604;Armure;-16;-37;-13
6381168;Arme (2 mains);-4;-49;-3
1239772;Armure;23;-29;-11
5026480;Armure;11;-35;-1
6554567;Armure;-24;-47;-11
6687677;Arme (1 main);19;-22;-13
6723461;Composant;-17;-30;-5
6256166;Bouclier;19;-47;-1
6679881;Potion;2;-24;-5
2816847;Arme (2 mains);22;-32;-13
4884141;Bidouille;15;-56;-4
6683572;Potion;15;-20;-4
4994263;Bidouille;17;-18;-7
4995132;Armure;11;-35;-1
5678202;Arme (2 mains);-22;-17;-10
2361489;Armure;22;-32;-13
6159306;Armure;20;-57;-7
6635323;Arme (1 main);-24;-55;-14
6262718;Bouclier;0;-50;-7
1697028;Armure;11;-49;-5
6639556;Armure;-23;-18;-10
6726570;Potion;-5;-48;-6
6245503;Arme (1 main);-25;-15;-12
6053756;Armure;-20;-12;-13
6719649;Composant;-9;-39;-4
6736033;Gigots de Gob;-8;-13;-10
6703256;Arme (1 main);-29;-54;-5
5740130;Arme (1 main);-22;-36;-14
6409987;Armure;-1;-39;-10
5906795;Armure;-19;-31;-7
6566147;Arme (1 main);-9;-39;-4
4472076;Arme (1 main);22;-57;-5
2910767;Arme (2 mains);22;-32;-13
6436036;Armure;17;-44;-4
6719989;Composant;6;-56;-12
6420796;Potion;7;-12;-7
5189786;Arme (1 main);-3;-36;-6
3177224;Arme (2 mains);22;-32;-13
6495020;Armure;-22;-42;-7
6686671;Arme (1 main);-8;-6;-4
6731332;Armure;10;-27;-4
6736703;Gigots de Gob;-1;-40;-2
5763111;Armure;13;-26;-8
6384796;Armure;-16;-50;-4
6739731;Arme (1 main);-6;-9;-3
6607844;Arme (1 main);22;-21;-10
6385437;Armure;9;-33;-12
6347109;Arme (1 main);-9;-30;-11
6424858;Arme (1 main);-22;-21;-5
6698260;Potion;-11;-5;-11
6720574;Potion;-8;-13;-11
6241149;Armure;14;-22;-10
6581037;Armure;-2;-59;-5
6662920;Potion;16;-30;-4
6134837;Armure;-28;-11;-5
6573342;Armure;24;-12;-13
6419177;Arme (1 main);-6;-5;-11
6452627;Armure;-17;-50;-10
6131428;Armure;-13;-56;-13
6284006;Armure;16;-9;-8
6713625;Composant;-22;-29;-9
6658055;Arme (2 mains);13;-33;-4
6723659;Gigots de Gob;7;-16;-3
6264165;Armure;-8;-42;-14
2890396;Bidouille;16;-14;-4
6675481;Potion;4;-52;-3
6099895;Armure;-23;-37;-14
3276030;Talisman;-24;-8;0
6717604;Composant;7;-34;-11
5959979;Arme (2 mains);-29;-53;0
1578885;Arme (1 main);25;-35;-8
6568989;Potion;4;-37;-5
6650485;Composant;-2;-37;-7
6417933;Arme (1 main);8;-21;-10
6659083;Potion;0;-16;-13
6561748;Arme (1 main);-19;-22;-5
6735010;Casque;5;-57;-5
6527826;Armure;6;-36;-10
6004887;Arme (1 main);19;-52;-12
6738470;Composant;-21;-28;-4
6643928;Potion;24;-22;-5
6728823;Composant;-15;-21;-10
792308;Armure;23;-29;-11
4301815;Armure;22;-32;-13
6708218;Potion;20;-17;-1
5369522;Arme (2 mains);25;-45;-12
6706863;Composant;-24;-46;-11
6739732;Composant;-6;-9;-3
6532987;Bouclier;-3;-33;-3
2351488;Bottes;22;-32;-13
6719763;Potion;5;-9;-6
6246330;Arme (1 main);-20;-6;-5
6707895;Composant;12;-36;-5
6289623;Arme (1 main);20;-15;-14
6730608;Armure;-3;-23;-6
6724949;Composant;-5;-48;-6
6476183;Arme (2 mains);-6;-5;-11
6328795;Arme (1 main);-14;-27;-8
6736984;Potion;-10;-20;-14
6716927;Composant;-24;-47;-11
6351512;Arme (2 mains);-29;-5;-14
6572763;Potion;20;-36;-10
6720986;Composant;-23;-23;-13
5749832;Armure;-6;-32;-7
6670571;Bouclier;8;-50;-3
6663615;Armure;-28;-15;0
6321099;Armure;12;-53;-6
6674422;Potion;10;-22;-4
6727466;Gigots de Gob;-12;-47;-9
6689405;Arme (2 mains);24;-7;-2
6412465;Arme (1 main);-16;-6;-9
6734895;Composant;-13;-25;-9
6612729;Arme (1 main);8;-36;-4
6242610;Arme (1 main);-4;-20;-8
5686245;Arme (2 mains);-20;-10;-10
5459008;Armure;25;-56;-4
6739149;Gigots de Gob;12;-9;-1
6549341;Armure;10;-34;-14
6461223;Arme (1 main);21;-33;-14
6469499;Armure;9;-37;-8
1760615;Armure;22;-33;-13
6738801;Composant;-4;-57;-2
5434630;Armure;-28;-22;-10
6383148;Armure;-11;-22;-13
5651003;Armure;-16;-53;-8
5543318;Arme (2 mains);-18;-39;-12
6735839;Composant;9;-39;-10
5862566;Arme (1 main);-18;-54;-11
6620104;Potion;11;-37;-8
6727790;Composant;-25;-11;-11
1550418;Bouclier;3;-45;0
6456391;Armure;10;-42;0
6574140;Arme (1 main);6;-51;-13
6604847;Armure;20;-10;-5
6409511;Arme (1 main);8;-30;-11
5129494;Armure;11;-35;-1
6173239;Arme (1 main);1;-57;-6
6739773;Potion;6;-10;-3
3088383;Armure;22;-32;-13
5227178;Arme (1 main);-16;-5;-10
6691072;Potion;18;-37;-4
6221666;Arme (1 main);-29;-17;-13
6400511;Armure;24;-10;-1
6049972;Arme (1 main);-9;-7;-10
6624073;Arme (2 mains);22;-36;-5
6376005;Arme (1 main);15;-33;-7
6704940;Potion;-9;-39;-12
6571060;Armure;20;-48;-1
4042698;Bidouille;9;-21;-10
6520414;Armure;6;-20;-12
6671347;Armure;-12;-11;-9
1040765;Bouclier;-26;-16;-12
6191692;Arme (1 main);-11;-31;-3
6711735;Composant;-25;-11;-13
6658754;Potion;-9;-29;-2
6123760;Bottes;-1;-54;-10
6467237;Armure;12;-8;-4
6729408;Potion;-15;-24;-9
5991975;Bouclier;-13;-5;-9
2973289;Arme (2 mains);3;-45;0
2981735;Arme (1 main);22;-32;-13
6733975;Gigots de Gob;3;-21;-5
6669626;Armure;-15;-35;-14
6650459;Potion;10;-58;-4
6727788;Gigots de Gob;-25;-11;-11
2045551;Arme (1 main);22;-32;-13
6615786;Arme (2 mains);16;-24;-8
6399211;Arme (2 mains);-21;-31;-7
6224228;Armure;21;-35;-7
6465718;Arme (1 main);6;-26;-1
6529577;Arme (1 main);1;-54;-8
5634406;Composant;8;-49;-14
6517628;Arme (1 main);16;-51;-4
3498770;Bidouille;14;-27;-10
3432354;Bidouille;18;-24;-7
6498786;Arme (1 main);8;-48;-5
6706489;Composant;-23;-11;-11
2062042;Armure;22;-32;-13
6671126;Potion;-3;-32;-14
6735808;Composant;23;-57;-1
6721166;Potion;-18;-5;-7
6631082;Armure;-8;-45;-4
6192517;Armure;-2;-44;0
5364749;Bidouille;-8;-13;-4
6419420;Arme (2 mains);-23;-38;-14
6732930;Gigots de Gob;10;-58;-3
4379976;Arme (2 mains);-18;-39;-12
6165806;Arme (2 mains);14;-37;-14
3843385;Armure;11;-35;-1
5109058;Armure;8;-12;-11
6608532;Potion;-10;-37;-5
6720985;Arme (2 mains);-23;-23;-13
6681333;Potion;-5;-6;-11
6655262;Arme (1 main);10;-30;-7
6645038;Bottes;9;-35;-4
6694036;Parchemin;-29;-21;-10
3902598;Arme (1 main);22;-32;-13
6638945;Arme (1 main);-24;-45;-4
6702579;Composant;1;-34;-6
5297867;Arme (2 mains);-15;-34;-8
3101711;Arme (2 mains);22;-32;-13
6275967;Armure;-7;-23;-3
6314346;Arme (1 main);-19;-31;-7
6067233;Arme (2 mains);-9;-56;-14
3433898;Bidouille;17;-25;-6
5944190;Armure;18;-46;-6
5312491;Armure;-1;-52;-6
6167377;Armure;22;-59;-7
6046294;Armure;20;-53;-13
5142003;Arme (1 main);22;-33;-13
5715;Arme (1 main);23;-29;-11
6270825;Armure;-23;-15;-6
6596877;Arme (2 mains);-24;-13;-6
6260318;Armure;9;-49;-5
6334377;Arme (1 main);-5;-34;-7
1713686;Armure;22;-33;-13
6340400;Armure;22;-32;-14
5813608;Arme (1 main);-9;-47;-9
5170920;Armure;-16;-50;-4
6666136;Armure;0;-58;-6
2783863;Armure;11;-35;-1
6222319;Armure;23;-27;-9
388955;Arme (1 main);23;-29;-11
3047716;Bidouille;-27;-22;-10
6589947;Armure;18;-56;-6
6403056;Armure;-19;-53;-9
965123;Armure;22;-32;-13
6719453;Potion;-22;-9;-7
6641552;Armure;-23;-26;-14
1927110;Arme (2 mains);21;-33;-13
6571882;Armure;-21;-25;-3
6433596;Arme (1 main);-17;-22;-10
6735807;Arme (1 main);23;-57;-1
6009375;Arme (2 mains);-7;-55;-14
6528124;Armure;7;-12;-7
2096405;Arme (1 main);-22;-35;-14
6511486;Arme (1 main);17;-34;-14
6348600;Arme (2 mains);4;-30;-3
6679087;Potion;-11;-43;-4
6610397;Armure;15;-38;-4
6605431;Armure;-15;-36;-8
6209298;Arme (1 main);12;-7;-10
6695309;Armure;25;-17;-2
6706584;Potion;-1;-5;-1
6676367;Arme (1 main);0;-18;-4
5192809;Arme (2 mains);-3;-18;-14
5791445;Arme (1 main);-24;-23;-11
6717159;Gigots de Gob;-10;-48;-3
4647808;Arme (1 main);22;-32;-13
6567256;Armure;-10;-37;-13
6736430;Gigots de Gob;20;-5;-13
6717227;Composant;-17;-21;-12
6705974;Potion;1;-34;-6
6702196;Potion;14;-33;-8
2349497;Arme (2 mains);22;-32;-13
6722232;Composant;2;-33;-2
6342958;Arme (2 mains);-12;-42;-3
6573539;Arme (1 main);0;-32;-2
6616991;Potion;9;-37;-8
2583543;Armure;6;-49;0
6740393;Gigots de Gob;-21;-38;-12
6725087;Composant;19;-58;-6
6699114;Potion;-22;-16;-3
6723465;Gigots de Gob;22;-8;-2
4560000;Bidouille;10;-42;-2
6103161;Armure;-12;-42;-13
5288823;Arme (2 mains);8;-48;-8
6735442;Composant;6;-15;-3
6712405;Potion;-15;-15;-6
6717996;Composant;-6;-15;-11
6530402;Armure;8;-30;-14
6735441;Armure;6;-15;-3
6652687;Potion;-2;-37;-7
6716269;Arme (1 main);7;-39;-6
6735440;Gigots de Gob;6;-15;-3
6708186;Composant;-9;-39;-14
6671709;Armure;-4;-12;-6
6143093;Arme (1 main);25;-7;-4
3178945;Arme (1 main);22;-32;-13
6667500;Armure;-9;-9;-9
6065496;Arme (2 mains);-10;-37;-13
6718755;Potion;-8;-13;-11
6386000;Arme (1 main);-22;-33;-12
5422614;Armure;24;-34;-4
6734482;Composant;16;-8;-2
6723882;Composant;11;-58;-3
6445279;Arme (2 mains);-29;-12;-10
6659165;Arme (1 main);-9;-29;-2
6536440;Arme (2 mains);-15;-30;-4
6347058;Arme (1 main);-16;-59;-10
6639613;Armure;9;-35;-4
6334005;Arme (2 mains);11;-9;-11
6690709;Arme (2 mains);6;-37;-11
6740352;Composant;25;-5;-13
5326467;Arme (2 mains);-1;-7;-7
5598128;Arme (1 main);1;-24;-14
6729845;Potion;19;-22;-2
6347427;Armure;12;-19;-3
6736087;Potion;-13;-23;-9
6733594;Gigots de Gob;-26;-47;-1
6709252;Potion;8;-29;-5
4170408;Arme (2 mains);22;-32;-13
6731625;Gigots de Gob;9;-39;-10
6683268;Composant;-25;-9;-10
6065787;Arme (2 mains);24;-31;-7
485734;Arme (1 main);22;-32;-13
6519979;Arme (1 main);9;-45;-14
6699217;Potion;-6;-40;-6
6629921;Spécial;12;-29;-8
6662759;Armure;11;-24;-10
6740038;Composant;11;-6;-9
6584276;Potion;15;-35;-9
4985316;Arme (1 main);22;-32;-13
6205840;Arme (1 main);-12;-22;-9
6659296;Potion;10;-58;-4
6589734;Arme (1 main);8;-31;-3
5150472;Arme (2 mains);-14;-39;-5
6735009;Gigots de Gob;5;-57;-5
6735434;Composant;-18;-10;-9
6625692;Parchemin;-9;-28;-6
4926978;Armure;21;-32;-8
6727789;Potion;-25;-11;-11
6632245;Armure;22;-39;-5
6727468;Composant;-12;-47;-9
6197243;Arme (1 main);2;-21;-5
6697492;Potion;-26;-9;-12
6436008;Arme (1 main);12;-8;-8
6329356;Armure;11;-7;-6
6736985;Composant;-10;-20;-14
3084051;Bidouille;-24;-22;-10
6599980;Arme (1 main);9;-29;-13
5770651;Arme (2 mains);-29;-45;-12
6383337;Arme (2 mains);1;-18;-4
6086353;Armure;-20;-7;-7
5524728;Armure;25;-35;-7
6740764;Composant;21;-21;-1
3467355;Bidouille;14;-27;-10
6726164;Composant;19;-58;-6
6238258;Potion;15;-30;-14
6182389;Arme (1 main);-16;-35;-12
6233260;Arme (2 mains);-12;-46;-9
2650713;Arme (1 main);7;-27;-1
6589656;Armure;8;-21;-4
5737175;Arme (2 mains);-26;-48;-12
6714048;Bouclier;-14;-9;-8
6601935;Arme (1 main);17;-20;-13
6728822;Armure;-15;-21;-10
6735433;Arme (1 main);-18;-10;-9
6716718;Gigots de Gob;-4;-29;-2
6396214;Arme (2 mains);-16;-6;-8
6729614;Composant;11;-58;-3
6728398;Composant;-4;-33;-12
6718071;Gigots de Gob;4;-52;-3
6732932;Composant;10;-58;-3
6118985;Arme (1 main);-28;-27;-13
6228410;Arme (1 main);16;-40;-14
5146432;Arme (2 mains);-26;-33;-12
6557013;Arme (1 main);-5;-50;-4
2355237;Arme (1 main);22;-33;-13
6733064;Gigots de Gob;-27;-58;-4
6735432;Gigots de Gob;-18;-10;-9
2952986;Bidouille;22;-29;-4
6452011;Armure;21;-31;-13
4198946;Arme (2 mains);22;-32;-13
6205362;Arme (1 main);11;-39;-6
6386822;Armure;-14;-10;-12
6222639;Arme (1 main);-15;-52;-9
6529469;Arme (1 main);13;-17;-14
6062587;Arme (2 mains);-8;-37;-11
3497208;Armure;22;-32;-13
6420607;Armure;-24;-24;-7
6466601;Armure;24;-25;-13
6524405;Arme (1 main);-7;-34;-7
6609386;Arme (1 main);14;-25;-10
3479098;Bidouille;22;-29;-4
6737793;Composant;-15;-24;-9
6040175;Armure;-24;-48;-14
6205460;Arme (1 main);1;-31;-4
6722951;Composant;-21;-6;-10
6444515;Arme (1 main);23;-31;-4
5093100;Armure;-18;-44;-6
6712574;Armure;20;-15;-7
6721857;Gigots de Gob;-3;-15;-4
6015826;Arme (2 mains);-21;-51;-10
5554165;Arme (2 mains);-9;-49;-10
6724335;Composant;22;-26;-10
6540397;Potion;18;-20;-5
4335976;Arme (2 mains);22;-32;-13
6740608;Composant;-10;-20;-14
6517986;Armure;-24;-28;-10
6350433;Armure;-10;-37;-13
3813689;Armure;22;-32;-13
6268504;Bouclier;-28;-53;-13
6736365;Composant;-15;-24;-9
6627384;Armure;-7;-27;-12
6327431;Armure;-2;-16;-5
6480658;Arme (1 main);20;-42;-13
6696270;Armure;20;-22;-8
6739730;Gigots de Gob;-6;-9;-3
6739327;Gigots de Gob;-3;-33;-1
6543106;Arme (1 main);7;-28;-7
6404488;Arme (2 mains);-27;-50;-14
6726166;Potion;-4;-11;-5
6437691;Arme (1 main);11;-58;-13
6299899;Arme (2 mains);22;-32;-13
5225277;Arme (2 mains);18;-15;-9
6719611;Composant;19;-6;-10
6574600;Bouclier;-11;-5;-5
6698118;Potion;20;-25;-7
6613212;Potion;12;-36;-5
6716719;Talisman;-1;-26;-2
6325590;Armure;-12;-31;-11
6735236;Gigots de Gob;18;-10;-3
4644400;Bidouille;19;-23;-9
6700651;Potion;1;-47;-3
3383743;Arme (1 main);22;-33;-13
5212154;Armure;24;-21;-3
6602591;Arme (1 main);20;-35;-8
6031487;Bouclier;-8;-32;-11
4526196;Armure;-14;-19;-8
6701855;Armure;-24;-48;-14
6471028;Armure;-25;-24;-7
6691168;Talisman;-1;-30;-10
6005707;Arme (2 mains);-22;-37;-12
6581626;Potion;7;-15;-3
6687321;Armure;-10;-53;-13
6331112;Arme (1 main);25;-16;-5
6739540;Potion;-19;-51;-1
6381406;Arme (2 mains);24;-26;-5
6193637;Arme (1 main);-29;-47;-9
3918007;Armure;0;-50;-7
3805701;Armure;-9;-47;-9
6641526;Potion;-1;-22;-4
6709253;Composant;8;-29;-5
6716925;Gigots de Gob;-24;-47;-11
1961051;Armure;25;-58;-1
6070619;Armure;-8;-18;-12
6696965;Potion;7;-27;-6
5063445;Armure;-17;-41;-11
5199831;Armure;12;-55;-7
6598368;Potion;9;-41;-13
2253137;Armure;22;-33;-13
6621457;Potion;21;-42;-14
2511387;Armure;22;-32;-13
6266600;Armure;-28;-54;0
6306807;Armure;-17;-49;-10
6561844;Arme (1 main);18;-56;-6
2059334;Arme (2 mains);22;-32;-13
6688811;Potion;14;-13;-4
6671304;Potion;7;-51;-3
6710940;Composant;7;-12;-7
6508148;Arme (1 main);-6;-18;-2
1567831;Arme (2 mains);22;-32;-13
6598261;Potion;-23;-52;-13
6728911;Gigots de Gob;-18;-37;-7
6722465;Bottes;-15;-17;-2
6562798;Bottes;25;-44;-2
6561225;Arme (2 mains);2;-45;-1
6734965;Composant;-10;-20;-14
6644853;Potion;-10;-30;-11
2050039;Arme (2 mains);21;-33;-13
6644369;Arme (1 main);-6;-10;-9
6319069;Arme (2 mains);23;-33;-14
6713866;Composant;17;-52;-6
6382169;Arme (2 mains);-16;-6;-8
2626227;Bidouille;-24;-14;-7
1089995;Talisman;-28;-12;-1
6398808;Armure;-12;-56;-13
6237597;Armure;6;-5;-14
5692778;Arme (2 mains);20;-50;-7
5955087;Armure;-7;-25;-5
5817023;Arme (1 main);-19;-48;-6
6291505;Arme (2 mains);-12;-29;-4
6413649;Armure;2;-35;-1
1661944;Armure;22;-32;-13
1173157;Arme (1 main);22;-32;-13
3860446;Bottes;22;-32;-13
3279544;Armure;-5;-45;-12
6522924;Casque;-15;-27;-11
297191;Armure;23;-32;-13
5245583;Arme (1 main);-25;-11;-9
6672148;Armure;0;-21;-5
6718221;Potion;-21;-33;-11
6612239;Bouclier;21;-43;-7
5509437;Arme (2 mains);24;-14;-14
6630922;Armure;-20;-35;-14
6706418;Arme (2 mains);-7;-19;-12
6024732;Arme (1 main);-6;-49;-13
6676081;Potion;-17;-56;-3
6693280;Arme (1 main);18;-22;-11
6694465;Composant;7;-12;-7
6278892;Arme (2 mains);-3;-46;-3
5754510;Armure;16;-33;-13
6633889;Armure;13;-32;-1
6699613;Armure;-20;-45;-6
6726280;Composant;-15;-21;-10
6342376;Arme (2 mains);-8;-55;-14
6684498;Potion;18;-38;-4
6593589;Potion;-3;-22;-10
2881334;Arme (1 main);21;-31;-13
6449991;Armure;4;-31;-4
6450492;Arme (1 main);-12;-30;-9
5968936;Arme (1 main);-25;-52;-11
5058380;Bidouille;18;-18;-7
6638891;Arme (1 main);10;-22;-8
6564580;Armure;9;-29;-6
6739150;Potion;12;-9;-1
2139445;Arme (1 main);22;-32;-13
6721602;Gigots de Gob;-21;-6;-10
6670663;Arme (1 main);-21;-29;-3
5568292;Arme (1 main);25;-21;-14
4549767;Arme (1 main);-2;-33;-14
6602785;Potion;25;-39;-7
3270561;Bidouille;25;-49;-2
6624177;Armure;10;-58;-4
6698200;Potion;-22;-16;-3
2257681;Armure;22;-32;-13
6535938;Armure;-11;-46;-1
6306041;Armure;0;-48;-4
5856314;Arme (1 main);4;-46;-10
6729844;Gigots de Gob;19;-22;-2
6047784;Arme (1 main);-13;-5;-9
6237005;Armure;-17;-28;-6
6729810;Gigots de Gob;-25;-54;-6
6360792;Champignon;10;-6;-12
6207983;Arme (1 main);-20;-48;-13
6734070;Composant;-3;-23;-6
4811773;Armure;-20;-27;-9
6657583;Potion;-6;-27;-7
5947052;Bouclier;-29;-12;-10
5536542;Arme (1 main);-18;-39;-12
6739961;Composant;-21;-41;-5
6739960;Arme (2 mains);-21;-41;-5
6626994;Arme (1 main);-15;-37;-10
6552658;Bouclier;22;-12;-9
2472568;Arme (2 mains);22;-32;-13
6218684;Armure;-21;-21;-8
5734682;Arme (2 mains);5;-59;-5
6562915;Bouclier;0;-32;-6
3544690;Armure;22;-32;-13
6017590;Armure;-13;-34;-3
3063056;Bidouille;22;-29;-4
6722563;Potion;-25;-41;-4
6615625;Arme (1 main);16;-12;-7
6734878;Potion;1;-9;-2
6712703;Composant;-24;-52;-14
5625755;Arme (2 mains);15;-30;-10
6711603;Composant;-20;-39;-6
5059710;Arme (1 main);-15;-36;-12
6283829;Arme (1 main);-19;-31;-7
6728976;Gigots de Gob;21;-23;-8
6632928;Potion;-7;-30;-8
6728903;Potion;12;-11;-6
6734480;Gigots de Gob;16;-8;-2
6734916;Arme (1 main);-9;-29;-12
6123978;Armure;10;-11;-6
6710274;Gigots de Gob;-20;-30;-6
6574935;Armure;-29;-35;-7
6466507;Armure;16;-47;-3
6330487;Arme (2 mains);-6;-6;-8
6690676;Potion;-6;-7;-11
5839544;Armure;9;-49;-6
6739772;Gigots de Gob;6;-10;-3
6677530;Potion;-29;-36;-5
6718590;Arme (1 main);18;-38;-1
6393609;Arme (1 main);-28;-57;-13
6542618;Talisman;10;-34;-14
6536995;Bouclier;-25;-55;-13
5630729;Arme (1 main);21;-20;-5
3269874;Arme (2 mains);14;-51;-3
6727734;Composant;11;-58;-3
958393;Arme (2 mains);23;-31;-13
6734920;Composant;-1;-24;-10
6739112;Bouclier;-22;-37;-5
6282584;Arme (1 main);-19;-55;-9
6629176;Armure;-28;-49;-3
6324476;Composant;-2;-37;-7
6533455;Armure;3;-18;-4
6354901;Arme (1 main);-18;-53;-14
4170409;Arme (2 mains);22;-32;-13
6044992;Arme (2 mains);3;-29;-7
6255750;Arme (1 main);20;-15;-14
6719988;Potion;6;-56;-12
6169877;Armure;21;-15;-10
6367168;Arme (1 main);-22;-47;-9
6714604;Potion;11;-52;-10
6146897;Armure;21;-6;-4
2684481;Armure;11;-35;-1
4759612;Arme (2 mains);-14;-28;-7
6076284;Arme (1 main);-13;-7;-6
6482766;Arme (2 mains);-8;-41;-4
752258;Armure;3;-45;0
2780766;Bidouille;14;-37;-9
6301141;Arme (1 main);20;-15;-14
2905604;Armure;18;-10;-3
6648841;Composant;-25;-9;-10
6719451;Gigots de Gob;-23;-8;-7
5782839;Bidouille;-11;-30;0
6448660;Arme (1 main);10;-42;0
2670449;Arme (2 mains);-12;-34;-1
5266365;Composant;-2;-37;-7
5641017;Arme (2 mains);17;-48;-8
5814846;Armure;7;-17;-10
6739072;Gigots de Gob;-22;-36;-4
6182864;Armure;-24;-13;-4
6687085;Arme (1 main);11;-26;-3
6733019;Composant;-13;-25;-9
4571634;Arme (2 mains);-14;-53;-13
6546469;Arme (1 main);-3;-39;-11
5561728;Armure;23;-6;-2
6553750;Armure;-21;-42;-10
6725340;Potion;-23;-8;-10
2269202;Arme (2 mains);20;-32;-14
6740676;Gigots de Gob;12;-10;-7
6496254;Bottes;8;-40;-6
6677613;Potion;18;-40;-4
6252884;Casque;-26;-15;-6
6729564;Potion;19;-58;-6
6734410;Gigots de Gob;23;-16;-13
6713192;Armure;19;-22;-13
5992156;Armure;18;-47;-14
6193588;Arme (2 mains);-5;-40;-4
4611469;Arme (1 main);22;-33;-13
6736564;Armure;-24;-30;-3
6710939;Armure;7;-12;-7
6677558;Potion;9;-47;-3
6472973;Armure;7;-6;-3
6686254;Arme (1 main);-6;-25;-14
6707474;Gigots de Gob;18;-58;-2
6455544;Arme (2 mains);-23;-22;-7
6544075;Arme (1 main);-29;-53;0
6109421;Armure;13;-48;-10
6728913;Composant;-18;-37;-7
6077698;Bouclier;-24;-48;-14
6593092;Potion;20;-25;-8
6723619;Potion;-13;-23;-9
6728374;Gigots de Gob;1;-32;-3
6308568;Bouclier;-1;-59;-10
6732539;Gigots de Gob;-10;-40;-3
5034947;Composant;8;-49;-14
6067946;Arme (2 mains);-9;-34;-14
6405748;Armure;-5;-28;-13
6605923;Arme (1 main);-21;-17;-5
2254424;Arme (1 main);22;-32;-13
6592006;Armure;-17;-6;-2
5353996;Arme (2 mains);-21;-10;-10
6601421;Potion;-26;-58;-6
6733624;Composant;20;-57;-6
6712765;Gigots de Gob;19;-22;-13
6740544;Gigots de Gob;-23;-13;-11
6529748;Arme (1 main);0;-54;-8
6735320;Composant;23;-8;-2
6525347;Armure;-21;-55;-7
6362105;Bouclier;11;-9;-11
6734914;Potion;-15;-24;-9
6637629;Potion;19;-30;-7
6520591;Arme (1 main);-21;-47;-13
6735496;Potion;10;-31;-7
6735318;Gigots de Gob;23;-8;-2
2960071;Bidouille;22;-29;-4
6657236;Potion;-25;-22;-6
6735011;Composant;5;-57;-5
6554967;Armure;11;-41;-4
1934027;Arme (1 main);3;-45;0
6587032;Potion;-11;-32;-5
6659148;Armure;8;-57;-7
6679258;Potion;2;-21;-5
6477668;Arme (1 main);6;-24;-5
3937405;Arme (2 mains);-15;-40;-5
6722466;Composant;-15;-17;-2
6455231;Arme (1 main);-22;-10;-11
6731036;Gigots de Gob;25;-26;-1
6734894;Arme (1 main);-13;-25;-9
2125348;Armure;22;-32;-13
822592;Armure;22;-32;-13
6665511;Armure;-10;-37;-13
6254390;Armure;5;-23;-13
6685324;Armure;15;-20;-1
2851754;Arme (2 mains);22;-32;-13
6547707;Arme (1 main);-26;-56;-13
6643452;Arme (2 mains);-26;-30;-9
6333383;Armure;-12;-42;-12
6682320;Armure;-12;-46;-8
3777137;Armure;-15;-40;-5
5694898;Arme (1 main);17;-55;-6
5301912;Arme (1 main);-6;-12;-13
3655698;Armure;22;-33;-13
6728013;Potion;-2;-6;-13
6736088;Composant;-13;-23;-9
6239489;Casque;-17;-28;-6
6726167;Composant;-4;-11;-5
6716926;Armure;-24;-47;-11
6240801;Arme (1 main);-17;-50;-9
6597283;Armure;-9;-39;-4
6740762;Gigots de Gob;21;-21;-1
6470199;Armure;9;-5;-1
2160352;Bouclier;-10;-37;-13
6299279;Armure;20;-15;-14
6627630;Arme (1 main);21;-39;-6
6394936;Armure;-14;-35;-4
5841769;Arme (1 main);15;-56;-11
6635219;Potion;13;-14;-3
5934315;Arme (2 mains);8;-58;-12
6649771;Arme (2 mains);-18;-22;0
6722866;Composant;-15;-21;-10
6637410;Armure;-17;-37;-5
5744146;Armure;-23;-6;-14
6695504;Potion;20;-36;-13
4640369;Arme (1 main);22;-33;-13
6729465;Gigots de Gob;2;-27;-3
6279496;Armure;-12;-52;-11
5374159;Arme (2 mains);21;-31;-13
6690593;Arme (2 mains);-14;-24;-6
6683110;Arme (1 main);-21;-27;-5
5764690;Arme (1 main);20;-10;-10
846070;Arme (1 main);22;-32;-13
6734001;Potion;22;-58;-1
6726163;Potion;19;-58;-6
6413465;Arme (1 main);-22;-24;-13
6299561;Armure;-9;-39;-4
6134016;Bouclier;-24;-15;-4
6229077;Arme (2 mains);-14;-41;-14
5321567;Bidouille;-27;-48;-2
6587173;Potion;-22;-21;-6
6588742;Potion;16;-26;-12
6694198;Arme (1 main);2;-41;-3
6619224;Casque;-5;-36;-3
5878405;Armure;-26;-46;-13
5698246;Armure;-13;-28;-9
6739413;Potion;4;-11;-6
6632029;Parchemin;-9;-28;-6
6568731;Arme (1 main);-27;-14;-2
6727133;Gigots de Gob;16;-10;-1
6730609;Composant;-3;-23;-6
6725086;Armure;19;-58;-6
6712575;Composant;20;-15;-7
6712766;Potion;19;-22;-13
6718754;Gigots de Gob;-8;-13;-11
6638104;Arme (1 main);13;-32;-1
6738799;Gigots de Gob;-4;-57;-2
2233976;Arme (1 main);22;-33;-13
6689528;Arme (1 main);4;-30;-6
6285598;Arme (1 main);6;-32;-12
4869447;Arme (2 mains);-18;-39;-12
6589454;Potion;-13;-40;-11
5879162;Arme (1 main);-15;-33;-7
5873827;Arme (1 main);15;-24;-4
6719113;Composant;-20;-24;-2
4385574;Arme (2 mains);-23;-51;-9
6547766;Arme (1 main);-8;-11;-12
6586308;Armure;14;-35;-7
6565712;Bottes;14;-35;-14
6012036;Armure;-5;-45;-12
6419733;Arme (2 mains);13;-34;-7
6712472;Talisman;-5;-36;-3
6506968;Potion;4;-27;-5
3633467;Arme (2 mains);22;-38;-8
6669242;Arme (1 main);6;-37;-11
6285711;Armure;19;-21;-11
6058405;Armure;23;-49;-7
4245533;Armure;22;-32;-13
6411341;Armure;10;-56;-2
6432035;Arme (1 main);-12;-27;-1
3782764;Bidouille;-4;-29;-9
6740235;Gigots de Gob;8;-49;-14
6569514;Arme (1 main);-4;-30;-8
6529408;Potion;-13;-40;-7
6500087;Armure;0;-44;-1
6729565;Composant;19;-58;-6
3788540;Arme (1 main);22;-32;-13
1250163;Armure;22;-32;-13
3954322;Arme (1 main);22;-32;-13
4191594;Arme (2 mains);3;-45;0
6738468;Gigots de Gob;-21;-28;-4
6740037;Talisman;11;-6;-9
6714539;Bottes;22;-52;-1
5272850;Arme (2 mains);-11;-53;-4
6671930;Potion;22;-58;-1
6625317;Potion;-12;-44;-9
6730982;Potion;-9;-49;-9
6714408;Composant;-20;-41;-8
6409939;Arme (1 main);6;-55;-6
6195558;Arme (1 main);-24;-54;-6
6726571;Composant;-5;-48;-6
6655123;Potion;-26;-43;-8
6312830;Arme (1 main);-20;-42;-13
2158037;Arme (1 main);22;-32;-13
5750924;Armure;24;-42;-9
394005;Armure;21;-53;-8
6710473;Composant;-12;-46;-8
6553875;Armure;-16;-27;-11
6740647;Talisman;-19;-40;-3
6245896;Arme (2 mains);-21;-40;-9
6654112;Armure;-13;-24;-5
3836264;Bidouille;-24;-58;-1
2071049;Armure;22;-33;-13
6730209;Gigots de Gob;-25;-41;-4
6740648;Composant;-19;-40;-3
6719764;Composant;5;-9;-6
4719813;Bouclier;-21;-46;-11
3994887;Bidouille;-24;-14;-7
6118392;Arme (1 main);-29;-14;-5
2298891;Bouclier;13;-47;-13
1316482;Armure;22;-32;-13
5349165;Bottes;-5;-39;-7
6722921;Composant;-18;-23;-7
6488235;Armure;6;-36;-8
6709425;Arme (1 main);11;-32;-2
6287993;Armure;24;-49;-14
6265256;Arme (1 main);20;-15;-14
6693533;Casque;1;-47;-3
1564939;Arme (2 mains);23;-31;-13
5439917;Armure;11;-46;-10
6727342;Composant;17;-19;-9
6626214;Casque;-11;-28;-9
6693920;Bottes;4;-30;-6
6213410;Armure;-22;-14;-3
6740351;Potion;25;-5;-13
6733977;Composant;3;-21;-5
6716082;Potion;-15;-15;-6
4036427;Arme (2 mains);22;-32;-13
6702578;Potion;1;-34;-6
2151192;Armure;22;-32;-13
6510000;Armure;-22;-21;-6
5783294;Arme (1 main);11;-24;-12
5683524;Armure;10;-34;-9
6726233;Composant;11;-58;-3
6733623;Potion;20;-57;-6
6667226;Bidouille;-12;-39;-10
6362642;Armure;-18;-53;-14
1962781;Armure;23;-29;-11
6615028;Armure;-17;-36;-10
5475653;Arme (1 main);16;-54;-7
2807395;Bidouille;16;-14;-4
6720899;Composant;7;-6;-3
6184269;Arme (2 mains);-13;-38;-14
6172496;Arme (2 mains);4;-42;-12
6729467;Composant;2;-27;-3
6547130;Armure;12;-38;-11
6508697;Potion;-13;-30;-4
6719533;Arme (1 main);23;-26;-10
4619952;Arme (1 main);22;-32;-13
2308378;Arme (1 main);22;-32;-13
6740545;Arme (2 mains);-23;-13;-11
6735838;Arme (2 mains);9;-39;-10
6463952;Arme (1 main);-6;-5;-11
6712380;Composant;-14;-9;-8
6498713;Armure;11;-35;-1
5897983;Bidouille;-27;-27;-1
6437446;Armure;-4;-49;-4
6449015;Arme (1 main);21;-41;-2
6730983;Composant;-9;-49;-9
3629935;Armure;-13;-13;-13
6634811;Arme (1 main);21;-23;-8
6688627;Potion;-27;-30;-3
6706812;Arme (2 mains);-12;-21;-14
6326598;Armure;4;-43;-12
2973200;Armure;22;-32;-13
6689937;Arme (1 main);13;-28;-5
6341284;Arme (1 main);-5;-31;-4
6455443;Arme (2 mains);-15;-15;-10
6619493;Potion;-22;-16;-8
5800142;Armure;-22;-35;-14
867292;Armure;22;-32;-13
5970887;Armure;0;-39;-14
6612980;Bottes;12;-18;-13
5196072;Arme (2 mains);-27;-13;-11
6216036;Arme (1 main);-6;-8;-9
6732541;Composant;-10;-40;-3
6725085;Gigots de Gob;19;-58;-6
6662407;Arme (2 mains);-21;-29;-3
6721302;Composant;21;-6;-6
6702577;Gigots de Gob;1;-34;-6
1987248;Arme (2 mains);22;-32;-13
6305744;Armure;10;-16;-8
6724947;Gigots de Gob;-5;-48;-6
6243711;Armure;15;-32;-14
6681178;Spécial;12;-36;-7
6474851;Arme (1 main);21;-33;-10
5011327;Arme (1 main);-18;-39;-12
6736432;Composant;20;-5;-13
6665249;Arme (2 mains);-1;-29;-2
6610788;Armure;20;-10;-5
6622731;Potion;-8;-24;-9
6592225;Potion;4;-31;-2
4217065;Arme (1 main);4;-59;-13
6582892;Potion;5;-9;-10
6395922;Armure;-20;-9;-6
6611395;Arme (1 main);-2;-24;-4
5915765;Arme (1 main);-27;-33;-14
6736367;Gigots de Gob;-24;-50;-3
6522009;Bottes;9;-33;-12
6526308;Arme (1 main);20;-38;-13
6728977;Potion;21;-23;-8
6674872;Arme (2 mains);-4;-12;-6
6544373;Bottes;22;-12;-14
5378483;Arme (2 mains);-26;-51;-11
6718220;Gigots de Gob;-21;-33;-11
6681265;Potion;0;-21;-5
6731331;Gigots de Gob;10;-27;-4
6705055;Potion;-1;-5;-1
4381070;Talisman;-26;-56;-13
6663882;Arme (2 mains);-11;-12;-9
6310417;Armure;-1;-43;-13
5283684;Casque;-1;-54;-11
2588683;Arme (1 main);22;-32;-13
6668517;Arme (2 mains);-3;-32;-14
6674745;Casque;-2;-37;-7
6704941;Composant;-9;-39;-12
6383250;Arme (1 main);-21;-35;-11
6702866;Casque;-28;-21;-3
6728941;Composant;-6;-15;-11
1611416;Arme (2 mains);22;-33;-13
6262672;Armure;22;-26;-10
6732237;Composant;20;-51;-9
5520721;Arme (1 main);7;-29;-7
6535809;Armure;-15;-28;-5
5710168;Armure;23;-17;-13
5419242;Arme (1 main);8;-26;-3
6421457;Arme (1 main);10;-21;-4
6679423;Composant;8;-49;-14
6680138;Arme (2 mains);15;-20;-1
6491559;Arme (2 mains);6;-26;-13
6477615;Armure;16;-35;-14
5737969;Armure;4;-34;-10
6600176;Potion;9;-29;-13
6733873;Potion;-13;-23;-9
6407093;Arme (1 main);-3;-36;-14
6305923;Arme (2 mains);22;-46;-9
5614117;Armure;20;-31;-13
6712820;Composant;17;-47;-9
6530718;Armure;-21;-15;-14
6195470;Arme (1 main);2;-54;-9
6714821;Gigots de Gob;7;-6;-3
4240231;Arme (1 main);22;-32;-13
5824879;Armure;-16;-53;-8
6212242;Arme (1 main);0;-29;-2
6643948;Potion;-1;-22;-4
1740475;Arme (1 main);22;-32;-13
5987303;Arme (1 main);15;-31;-9
3145645;Bidouille;22;-23;-7
6711734;Potion;-25;-11;-13
6582326;Potion;4;-56;-5
6700278;Talisman;4;-30;-6
4245970;Armure;-19;-31;-7
2726105;Arme (2 mains);21;-33;-13
6372704;Armure;18;-37;-4
6371827;Armure;13;-22;-10
6060448;Bottes;-6;-45;-9
4628323;Arme (2 mains);22;-32;-13
6725205;Gigots de Gob;8;-14;-1
6729015;Gigots de Gob;14;-33;-6
6705960;Arme (2 mains);22;-8;-2
6717602;Gigots de Gob;7;-34;-11
6627825;Potion;-2;-43;-6
6596944;Armure;-14;-52;-5
6280037;Armure;3;-53;-10
5978233;Arme (1 main);22;-53;-11
6717633;Arme (1 main);23;-8;-5
6689960;Armure;-20;-39;-7
6421701;Arme (1 main);-2;-25;-14
6463678;Arme (1 main);5;-50;-12
6737077;Gigots de Gob;-24;-11;-11
6328292;Armure;-20;-7;-1
3310060;Armure;21;-33;-13
959380;Bottes;9;-41;0
6178869;Arme (2 mains);-10;-37;-13
6259503;Arme (1 main);-1;-45;-12
6725206;Potion;8;-14;-1
6569098;Bottes;-17;-58;-14
6731626;Arme (1 main);9;-39;-10
6315339;Armure;-19;-29;-5
6710860;Spécial;7;-35;-9
6338940;Arme (1 main);-19;-7;-8
6585954;Potion;-10;-33;-4
6716083;Composant;-15;-15;-6
6334327;Armure;9;-19;-8
6159189;Arme (1 main);-20;-10;-2
6563410;Armure;6;-26;-14
6337408;Arme (1 main);-19;-51;-14
6272518;Arme (1 main);4;-42;-12
6283796;Arme (1 main);-20;-8;-6
6691134;Arme (1 main);13;-40;-5
6430539;Arme (1 main);-25;-24;-7
6299000;Arme (1 main);-25;-58;-9
6703895;Composant;16;-10;-1
3283213;Potion;22;-58;-1
6732931;Potion;10;-58;-3
6713741;Composant;-26;-13;-9
6360225;Arme (1 main);-13;-35;-4
6480800;Arme (2 mains);-23;-27;-8
6657151;Potion;6;-8;-4
6720468;Gigots de Gob;-13;-23;-9
6701797;Arme (1 main);-3;-22;-4
6301337;Arme (2 mains);-10;-43;-5
6592068;Armure;-10;-37;-13
6488092;Potion;21;-23;-8
6719111;Gigots de Gob;-20;-24;-2
5506708;Armure;-15;-52;-5
6731037;Armure;25;-26;-1
6481185;Armure;-15;-22;-10
6739539;Gigots de Gob;-19;-51;-1
6723661;Composant;7;-16;-3
6338110;Armure;12;-6;-8
5980668;Armure;-12;-52;-11
6740546;Composant;-23;-13;-11
6719762;Gigots de Gob;5;-9;-6
6739111;Gigots de Gob;-22;-37;-5
6674746;Composant;-2;-37;-7
2417949;Bottes;-25;-55;-13
6631310;Armure;-28;-26;-9
6704631;Potion;-1;-5;-1
6442149;Armure;5;-22;-12
6404203;Potion;1;-6;-11
6641975;Arme (1 main);19;-12;-6
6599776;Potion;-14;-24;-9
6524395;Arme (2 mains);13;-22;-13
6245276;Arme (1 main);-28;-53;0
6303724;Arme (1 main);-25;-58;-9
6131722;Arme (2 mains);-21;-53;-10
6734481;Potion;16;-8;-2
6143351;Armure;20;-48;-1
6739328;Parchemin;-3;-33;-1
6528240;Armure;3;-34;-3
6593623;Potion;-23;-29;-7
6502948;Arme (1 main);-26;-51;-13
6519568;Arme (1 main);18;-15;-12
3761762;Armure;21;-33;-13
6723460;Armure;-17;-30;-5
6396300;Armure;-22;-30;-7
6250168;Arme (1 main);-22;-33;-12
6673332;Armure;21;-27;-14
6717160;Potion;-10;-48;-3
2558284;Arme (1 main);21;-31;-13
6647354;Armure;20;-20;-13
6662082;Potion;3;-23;-5
6694464;Potion;7;-12;-7
6735806;Gigots de Gob;23;-57;-1
6718591;Composant;18;-38;-1
6376946;Bottes;-24;-24;-7
6709095;Potion;12;-26;-7
6737981;Composant;20;-51;-9
6316469;Arme (1 main);13;-30;-8
5946389;Potion;12;-19;-3
6568179;Arme (2 mains);-26;-49;-10
6737791;Gigots de Gob;-15;-24;-9
6625093;Arme (1 main);22;-39;-5
6338655;Armure;0;-50;-10
6349269;Arme (2 mains);-5;-35;-7
6653847;Arme (2 mains);15;-32;-4
1423741;Casque;13;-46;0
6731790;Potion;-15;-24;-9
6731791;Composant;-15;-24;-9
6731783;Composant;11;-58;-3
6731766;Gigots de Gob;-20;-6;-5
6731767;Arme (1 main);-20;-6;-5
6679431;Potion;9;-22;-5
6682669;Arme (2 mains);-26;-9;-12
6505384;Armure;-24;-48;-14
6739329;Composant;-3;-33;-1
6728397;Potion;-4;-33;-12
#FIN TRESORS
#DEBUT LIEUX
12081;Sortie de Portail;-27;-45;-1
1506579;Nid;-27;-23;-13
9502;Campement du Hum;-27;-9;-11
257885;Gowapier d'Elevage de Escogan;-26;-54;-13
12331;Sortie de Portail;-26;-19;-4
9482;Sanctuaire des fous;-26;-10;-2
1505367;Portail de Téléportation;-25;-53;-4
11811;Sortie de Portail;-25;-25;-5
30;Hunelph Oôpomh l\'herboriste;-25;-25;0
1505983;Portail de Téléportation;-25;-20;-4
12187;Sortie de Portail;-25;-18;-10
187159;Le Foutoir du G.R.E.U (2920);-24;-52;-14
242116;Auberge : Le skrim heureux;-24;-48;-14
12038;Sortie de Portail;-24;-36;-10
1506786;Terrier;-24;-21;-4
1507061;Portail de Téléportation;-21;-41;-8
1506698;Porte d'Outre-Monde;-21;-27;-6
1506825;Couvoir;-21;-21;-2
12440;Sortie de Portail;-20;-38;-12
12324;Sortie de Portail;-20;-37;-4
1506768;Portail de Téléportation;-20;-36;-3
12174;Un marteau de juge brisé(e);-20;-20;-10
1507087;Couvoir;-20;-19;-1
12173;Un brasero de mithril brisé(e);-19;-19;-10
11724;Sortie de Portail;-19;-18;-2
12354;Sortie de Portail;-18;-54;-1
12172;Un serpent de pierre brisé(e);-18;-18;-10
1506741;Terrier;-18;-16;-5
9538;Caverne de la victoire;-17;-32;-14
12171;Un lac étoilé brisé(e);-17;-17;-10
1506213;Couvoir;-16;-46;-2
12170;Des outils de torture brisé(e);-15;-15;-10
1506676;Portail de Téléportation;-14;-23;-2
12169;Une cruche d'eau brisé(e);-14;-14;-10
11830;Sortie de Portail;-13;-25;-14
9474;Grotte des fous;-13;-25;-1
12168;Un rocher d'onyx brisé(e);-13;-13;-10
12074;Sortie de Portail;-12;-43;-1
12167;Une potence de bois mort brisé(e);-12;-12;-10
11676;Sortie de Portail;-12;-6;-11
1506653;Nid;-11;-49;-8
12166;Un vieux chêne brisé(e);-11;-11;-10
12165;Une roue de torture brisé(e);-10;-10;-10
12520;Sortie de Portail;-10;-5;-2
1506699;Couvoir;-9;-59;-10
12398;Sortie de Portail;-9;-31;-2
1506270;Couvoir;-9;-28;-2
1505626;Portail de Téléportation;-9;-14;-9
12164;Un âtre quasi éteint brisé(e);-9;-9;-10
1506581;Couvoir;-8;-53;-12
1506582;Porte d'Outre-Monde;-8;-33;-11
11838;Sortie de Portail;-8;-12;-10
12163;Une épée très tranchante brisé(e);-8;-8;-10
1506097;Portail de Téléportation;-8;-6;-2
12162;Un tas de pièces d'or brisé(e);-7;-7;-10
1506115;Terrier;-7;-7;-2
12161;Un arc aux flèches d'or brisé(e);-6;-6;-10
9510;Tombe de la victoire;-5;-23;-1
12160;Une crosse d'évêque brisé(e);-5;-5;-10
1505687;Portail de Téléportation;-4;-38;-1
54813;Tanière de DelTree (53855);-4;-24;-1
12050;Sortie de Portail;-4;-12;-1
1501376;Portail de Téléportation;-3;-47;-1
1506700;Couvoir;-3;-31;-5
1503658;Portail de Téléportation;-3;-13;-1
12116;Sortie de Portail;-2;-30;-1
1506910;Terrier;-1;-17;-2
11840;Sortie de Portail;-1;-12;-2
1500927;Portail de Téléportation;0;-48;-1
1506597;Portail de Téléportation;0;-30;-1
1506743;Couvoir;1;-21;-6
1506120;Couvoir;3;-55;-2
12039;Sortie de Portail;3;-22;-6
691842;Trou de Météorite;5;-50;-14
691838;Trou de Météorite;5;-50;-13
691834;Trou de Météorite;5;-50;-12
691830;Trou de Météorite;5;-50;-11
691826;Trou de Météorite;5;-50;-10
691822;Trou de Météorite;5;-50;-9
691818;Trou de Météorite;5;-50;-8
691814;Trou de Météorite;5;-50;-7
691810;Trou de Météorite;5;-50;-6
691806;Trou de Météorite;5;-50;-5
691802;Trou de Météorite;5;-50;-4
691798;Trou de Météorite;5;-50;-3
691794;Trou de Météorite;5;-50;-2
691790;Trou de Météorite;5;-50;-1
691786;Trou de Météorite;5;-50;0
691844;Trou de Météorite;5;-49;-14
691840;Trou de Météorite;5;-49;-13
691836;Trou de Météorite;5;-49;-12
691832;Trou de Météorite;5;-49;-11
691828;Trou de Météorite;5;-49;-10
691824;Trou de Météorite;5;-49;-9
691820;Trou de Météorite;5;-49;-8
691816;Trou de Météorite;5;-49;-7
691812;Trou de Météorite;5;-49;-6
691808;Trou de Météorite;5;-49;-5
691804;Trou de Météorite;5;-49;-4
691800;Trou de Météorite;5;-49;-3
691796;Trou de Météorite;5;-49;-2
691792;Trou de Météorite;5;-49;-1
691788;Trou de Météorite;5;-49;0
1506815;Terrier;5;-29;-1
691843;Trou de Météorite;6;-50;-14
691839;Trou de Météorite;6;-50;-13
691835;Trou de Météorite;6;-50;-12
691831;Trou de Météorite;6;-50;-11
691827;Trou de Météorite;6;-50;-10
691823;Trou de Météorite;6;-50;-9
691819;Trou de Météorite;6;-50;-8
691815;Trou de Météorite;6;-50;-7
691811;Trou de Météorite;6;-50;-6
691807;Trou de Météorite;6;-50;-5
691803;Trou de Météorite;6;-50;-4
691799;Trou de Météorite;6;-50;-3
691795;Trou de Météorite;6;-50;-2
691791;Trou de Météorite;6;-50;-1
691787;Trou de Météorite;6;-50;0
691845;Trou de Météorite;6;-49;-14
691841;Trou de Météorite;6;-49;-13
691837;Trou de Météorite;6;-49;-12
691833;Trou de Météorite;6;-49;-11
691829;Trou de Météorite;6;-49;-10
691825;Trou de Météorite;6;-49;-9
691821;Trou de Météorite;6;-49;-8
691817;Trou de Météorite;6;-49;-7
691813;Trou de Météorite;6;-49;-6
691809;Trou de Météorite;6;-49;-5
691805;Trou de Météorite;6;-49;-4
691801;Trou de Météorite;6;-49;-3
691797;Trou de Météorite;6;-49;-2
691793;Trou de Météorite;6;-49;-1
691789;Trou de Météorite;6;-49;0
1503815;Portail de Téléportation;6;-43;-1
11877;Sortie de Portail;6;-37;-11
1503846;Portail de Téléportation;6;-10;-1
1505959;Couvoir;8;-53;-1
9484;Sanctuaire du Manger;8;-48;-5
1506621;Couvoir;9;-53;-13
1506410;Terrier;9;-19;-1
1086744;Petite Lice;10;-34;-5
54817;Antre des Potrollz (2341);10;-32;-1
12040;Sortie de Portail;11;-28;-10
11934;Sortie de Portail;11;-19;-1
12235;Sortie de Portail;12;-32;-1
250226;Forge;12;-31;-2
581017;Trou de Météorite;12;-15;-14
581016;Trou de Météorite;12;-15;-13
581015;Trou de Météorite;12;-15;-12
581014;Trou de Météorite;12;-15;-11
581013;Trou de Météorite;12;-15;-10
581012;Trou de Météorite;12;-15;-9
581011;Trou de Météorite;12;-15;-8
581010;Trou de Météorite;12;-15;-7
581009;Trou de Météorite;12;-15;-6
581008;Trou de Météorite;12;-15;-5
581007;Trou de Météorite;12;-15;-4
581006;Trou de Météorite;12;-15;-3
581005;Trou de Météorite;12;-15;-2
581004;Trou de Météorite;12;-15;-1
581003;Trou de Météorite;12;-15;0
12357;Sortie de Portail;12;-5;-5
1504869;Portail de Téléportation;13;-43;-6
160306;Boutique d'Enchantement;13;-40;-14
1506714;Portail de Téléportation;13;-31;-1
1506435;Portail de Téléportation;13;-12;-10
12034;Sortie de Portail;13;-10;-9
993388;Armurerie;14;-40;-12
1495663;Auberge : Au godet rouge;14;-34;-13
1505365;Portail de Téléportation;14;-19;-1
532241;le Purgatorum des déchus (3658);15;-36;-12
196382;Lice;15;-32;-14
12080;Sortie de Portail;15;-10;-10
527220;Centre Akatsuki de Dark Sasuke (2247);16;-38;-13
1438506;Tanière de trõll;16;-35;-13
63640;Tanière de trõll;16;-27;-8
1318735;Boutique d'Enchantement;16;-26;-1
87937;Agence d'Annonce;16;-24;-8
1503979;Portail de Téléportation;17;-38;-11
11666;Sortie de Portail;17;-37;-11
291990;Agence d'Annonce;17;-35;-13
34278;Tanière de Gumdash (2705);17;-28;-4
1507092;Cocon;17;-23;-3
1506883;Couvoir;17;-13;-4
77788;Cahute du Rémouleur;17;-6;-13
503117;Tanière de Le Verre De Troll (75858);18;-37;-14
9472;Grotte de la mort;18;-37;-4
12445;Sortie de Portail;18;-36;-14
11678;Sortie de Portail;18;-36;-3
9500;Campement du diable;18;-27;-2
80866;Tanière de Che GuevaTroll (69440);18;-25;-9
33821;Fortomawak (723);18;-22;-7
1505777;Portail de Téléportation;18;-10;-3
101542;Gowapier de Dressage de Brudos;19;-24;-5
371773;Bureau des Primes;19;-22;-9
1504469;Portail de Téléportation;19;-6;-11
33839;Trôles de Soirées Mousse (1780);19;-5;-14
1504992;Portail de Téléportation;20;-34;-3
131416;Source de Purification;20;-27;-5
327055;Troll pour tous dents pourries (2630);20;-26;-8
11898;Sortie de Portail;20;-25;-12
34143;Grande Tanière Cachée des TIB (1753);20;-25;-6
12273;Sortie de Portail;20;-10;-3
34308;Tanière de RODROC (87116);21;-32;-13
38947;Grande Tanière de TYR (2436);21;-23;-8
118256;Refuge;22;-58;-2
36922;Tanière de Ceilican (2832);22;-57;-5
1506745;Couvoir;22;-44;-5
34677;Tanière de Cidouille (9858);22;-32;-12
852467;Téléporteur;22;-28;-7
9512;Lac souterrain du silence;22;-25;-10
439361;Tanière de trõll;22;-24;-7
908021;Grande Lice;22;-8;-12
36651;Tanière de Ulric Graf VON BECK. (81587);23;-59;-4
37317;Grande Tanière des FLNT (601);23;-59;-3
76122;Refuge;23;-34;-13
12284;Sortie de Portail;23;-8;-12
1503611;Portail de Téléportation;23;-8;-5
34489;Tanière de Erastide (14163);24;-58;-2
1506656;Porte d'Outre-Monde;24;-36;-10
1505552;Portail de Téléportation;24;-30;-11
1506744;Terrier;24;-23;-7
288583;Antre des Saigneurs Ecarlates (3170);24;-6;-11
54730;Tanière de Têt-Hïnn Belmâmel (55375);25;-58;-1
1505554;Portail de Téléportation;25;-31;-1
12485;Sortie de Portail;25;-30;-2
#FIN LIEUX
#DEBUT CHAMPIGNONS
2663245;champi;14;-43;-5
2663262;champi;11;-40;-5
2663264;champi;13;-39;-5
2658122;champi;5;-59;-2
2663263;champi;14;-39;-5
2663249;champi;14;-44;-5
2663252;champi;10;-41;-5
2663255;champi;15;-39;-5
2663256;champi;14;-44;-5
2663257;champi;14;-44;-5
2663246;champi;14;-42;-5
2663926;champi;0;-39;-10
2663923;champi;-1;-40;-10
2663260;champi;14;-45;-5
2663259;champi;15;-44;-5
2663254;champi;11;-40;-5
2663253;champi;10;-40;-5
2663251;champi;13;-44;-5
2663922;champi;0;-41;-10
2663250;champi;14;-43;-5
2663248;champi;13;-41;-5
2663258;champi;15;-45;-5
2663247;champi;14;-41;-5
2663840;champi;25;-40;-2
2663680;champi;3;-6;-4
2663925;champi;0;-40;-10
2663261;champi;15;-41;-5
2663679;champi;4;-5;-4
2663927;champi;1;-43;-10
2663678;champi;2;-5;-4
2663682;champi;5;-5;-4
2663928;champi;0;-45;-10
2663677;champi;2;-6;-4
#FIN CHAMPIGNONS
#DEBUT ORIGINE
27;-2;-32;0
#FIN ORIGINE
